7.083749771118164062e-01
8.817499876022338867e-01
9.186875224113464355e-01
9.364166855812072754e-01
9.487708210945129395e-01
9.566458463668823242e-01
9.627291560173034668e-01
9.666875004768371582e-01
9.712083339691162109e-01
9.731875061988830566e-01
9.751250147819519043e-01
9.769374728202819824e-01
9.802291393280029297e-01
9.817083477973937988e-01
9.830208420753479004e-01
9.846041798591613770e-01
9.859583377838134766e-01
9.857291579246520996e-01
9.865208268165588379e-01
9.883541464805603027e-01
9.884583353996276855e-01
9.885833263397216797e-01
9.897083044052124023e-01
9.904583096504211426e-01
9.911458492279052734e-01
9.914583563804626465e-01
9.916874766349792480e-01
9.925624728202819824e-01
9.929583072662353516e-01
9.930208325386047363e-01
9.928541779518127441e-01
9.931250214576721191e-01
9.939583539962768555e-01
9.946874976158142090e-01
9.969375133514404297e-01
9.980208277702331543e-01
9.981041550636291504e-01
9.983333349227905273e-01
9.985208511352539062e-01
9.984999895095825195e-01
9.986875057220458984e-01
9.985625147819519043e-01
9.981458187103271484e-01
9.988958239555358887e-01
9.989166855812072754e-01
9.991041421890258789e-01
9.988124966621398926e-01
9.987916946411132812e-01
9.989374876022338867e-01
9.991875290870666504e-01
9.990624785423278809e-01
9.990208148956298828e-01
9.990000128746032715e-01
9.992499947547912598e-01
9.991041421890258789e-01
9.992083311080932617e-01
9.992916584014892578e-01
9.997083544731140137e-01
9.991458058357238770e-01
9.991875290870666504e-01
9.991041421890258789e-01
9.991250038146972656e-01
9.995833039283752441e-01
9.996250271797180176e-01
9.993333220481872559e-01
9.996874928474426270e-01
9.996458292007446289e-01
9.993333220481872559e-01
9.997708201408386230e-01
1.000000000000000000e+00
9.999374747276306152e-01
9.999583363533020020e-01
9.999583363533020020e-01
1.000000000000000000e+00
9.999583363533020020e-01
1.000000000000000000e+00
1.000000000000000000e+00
9.999583363533020020e-01
9.999583363533020020e-01
9.999791383743286133e-01
9.999583363533020020e-01
9.999791383743286133e-01
9.998958110809326172e-01
9.999583363533020020e-01
9.999791383743286133e-01
9.999374747276306152e-01
9.999791383743286133e-01
9.999583363533020020e-01
1.000000000000000000e+00
9.999791383743286133e-01
9.999583363533020020e-01
9.999791383743286133e-01
9.999583363533020020e-01
9.998124837875366211e-01
9.999583363533020020e-01
9.999583363533020020e-01
1.000000000000000000e+00
1.000000000000000000e+00
9.999374747276306152e-01
9.999791383743286133e-01
9.998750090599060059e-01
