6.314686536788940430e-01
7.455406785011291504e-01
7.705078125000000000e-01
7.814833521842956543e-01
7.967021465301513672e-01
8.036331534385681152e-01
8.117654323577880859e-01
8.146561980247497559e-01
8.182772994041442871e-01
8.224773406982421875e-01
8.297886252403259277e-01
8.277965784072875977e-01
8.316077589988708496e-01
8.359634280204772949e-01
8.391480445861816406e-01
8.404918909072875977e-01
8.399863243103027344e-01
8.412956595420837402e-01
8.481402397155761719e-01
8.494797348976135254e-01
8.498988747596740723e-01
8.494451642036437988e-01
8.548508286476135254e-01
8.549156785011291504e-01
8.525261282920837402e-01
8.560131788253784180e-01
8.567650914192199707e-01
8.610731959342956543e-01
8.585064411163330078e-01
8.598071336746215820e-01
8.637652397155761719e-01
8.645300269126892090e-01
8.668807148933410645e-01
8.666646480560302734e-01
8.715345263481140137e-01
8.668504357337951660e-01
8.683584928512573242e-01
8.730209469795227051e-01
8.729129433631896973e-01
8.743647933006286621e-01
8.743820786476135254e-01
8.757432103157043457e-01
8.754450678825378418e-01
8.789408206939697266e-01
8.755098581314086914e-01
8.779944777488708496e-01
8.779296875000000000e-01
8.774456977844238281e-01
8.764216303825378418e-01
8.826612830162048340e-01
8.814643025398254395e-01
8.816630840301513672e-01
8.838582038879394531e-01
8.819525837898254395e-01
8.828902840614318848e-01
8.802587389945983887e-01
8.846446275711059570e-01
8.858891129493713379e-01
8.851977586746215820e-01
8.845452666282653809e-01
8.870946764945983887e-01
8.856039047241210938e-01
8.880539536476135254e-01
8.878076672554016113e-01
8.890996575355529785e-01
8.910139203071594238e-01
8.890650868415832520e-01
8.985973596572875977e-01
8.981609344482421875e-01
8.993579149246215820e-01
8.993492722511291504e-01
8.982603549957275391e-01
8.995696306228637695e-01
8.998677730560302734e-01
8.998029828071594238e-01
8.995782732963562012e-01
9.013456106185913086e-01
9.008486866950988770e-01
9.012289047241210938e-01
9.016005396842956543e-01
9.018252491950988770e-01
9.017690420150756836e-01
9.015054702758789062e-01
9.006326198577880859e-01
9.030869603157043457e-01
8.998850584030151367e-01
9.041975140571594238e-01
9.032598137855529785e-01
9.032728075981140137e-01
9.043487310409545898e-01
9.045820832252502441e-01
9.033203125000000000e-01
9.043270945549011230e-01
9.053166508674621582e-01
9.026635289192199707e-01
9.040894508361816406e-01
9.057746529579162598e-01
9.044826626777648926e-01
9.056710004806518555e-01
9.063709974288940430e-01
9.045561552047729492e-01
9.058265089988708496e-01
9.066475629806518555e-01
9.071487784385681152e-01
9.062802195549011230e-01
9.063796401023864746e-01
9.062457084655761719e-01
9.083327651023864746e-01
9.072870612144470215e-01
9.081729054450988770e-01
9.062672853469848633e-01
9.081901907920837402e-01
9.076241254806518555e-01
9.076024889945983887e-01
9.058481454849243164e-01
9.081339836120605469e-01
9.077277779579162598e-01
9.081339836120605469e-01
9.081253409385681152e-01
9.080129861831665039e-01
9.117204546928405762e-01
9.099186062812805176e-01
9.104760289192199707e-01
9.093914031982421875e-01
9.097759723663330078e-01
9.113056659698486328e-01
9.102686047554016113e-01
9.108087420463562012e-01
9.110204577445983887e-01
9.100482463836669922e-01
9.115087389945983887e-01
9.108951687812805176e-01
9.115346670150756836e-01
9.102815389633178711e-01
9.162359833717346191e-01
9.173940420150756836e-01
9.161711931228637695e-01
9.174977540969848633e-01
9.160631299018859863e-01
9.166119098663330078e-01
9.171823263168334961e-01
9.160458445549011230e-01
9.170181155204772949e-01
9.180767536163330078e-01
9.170526862144470215e-01
9.169878959655761719e-01
9.174026846885681152e-01
9.165341258049011230e-01
9.180853962898254395e-01
9.178391098976135254e-01
9.176706075668334961e-01
9.180206060409545898e-01
9.185650348663330078e-01
9.175106883049011230e-01
9.172428250312805176e-01
9.185348153114318848e-01
9.184354543685913086e-01
9.182280302047729492e-01
9.195243120193481445e-01
9.188848137855529785e-01
9.195415973663330078e-01
9.186514616012573242e-01
9.189064502716064453e-01
9.189107418060302734e-01
9.183403849601745605e-01
9.184527397155761719e-01
9.193558096885681152e-01
9.184268116950988770e-01
9.193212389945983887e-01
9.197317361831665039e-01
9.195502400398254395e-01
9.199218750000000000e-01
9.193860888481140137e-01
9.192305207252502441e-01
9.195243120193481445e-01
9.193083047866821289e-01
9.192780256271362305e-01
9.201984405517578125e-01
9.200558066368103027e-01
9.207255840301513672e-01
9.202891588211059570e-01
9.205830097198486328e-01
9.196755886077880859e-01
9.213953614234924316e-01
9.196928739547729492e-01
9.208768606185913086e-01
9.205095171928405762e-01
9.204533696174621582e-01
9.209459424018859863e-01
9.208292961120605469e-01
9.206823706626892090e-01
9.203669428825378418e-01
9.213046431541442871e-01
9.211404323577880859e-01
9.218922853469848633e-01
9.211663603782653809e-01
9.213521480560302734e-01
9.204792976379394531e-01
9.212657213211059570e-01
9.217842817306518555e-01
9.210712909698486328e-01
