7.025625109672546387e-01
8.607708215713500977e-01
9.004999995231628418e-01
9.229375123977661133e-01
9.368958473205566406e-01
9.482083320617675781e-01
9.555416703224182129e-01
9.604583382606506348e-01
9.651250243186950684e-01
9.677500128746032715e-01
9.707708358764648438e-01
9.744791388511657715e-01
9.772916436195373535e-01
9.778125286102294922e-01
9.793124794960021973e-01
9.813958406448364258e-01
9.815833568572998047e-01
9.829999804496765137e-01
9.842708110809326172e-01
9.850000143051147461e-01
9.859374761581420898e-01
9.867708086967468262e-01
9.870625138282775879e-01
9.879791736602783203e-01
9.887499809265136719e-01
9.884999990463256836e-01
9.902708530426025391e-01
9.906666874885559082e-01
9.895208477973937988e-01
9.900416731834411621e-01
9.909166693687438965e-01
9.912916421890258789e-01
9.917083382606506348e-01
9.930833578109741211e-01
9.958958625793457031e-01
9.966041445732116699e-01
9.968333244323730469e-01
9.973124861717224121e-01
9.975416660308837891e-01
9.976666569709777832e-01
9.971874952316284180e-01
9.978333115577697754e-01
9.982708096504211426e-01
9.977083206176757812e-01
9.984166622161865234e-01
9.983124732971191406e-01
9.985208511352539062e-01
9.987291693687438965e-01
9.987499713897705078e-01
9.988750219345092773e-01
9.989583492279052734e-01
9.988958239555358887e-01
9.994999766349792480e-01
9.991875290870666504e-01
9.990833401679992676e-01
9.993958473205566406e-01
9.988541603088378906e-01
9.990624785423278809e-01
9.993958473205566406e-01
9.993541836738586426e-01
9.988124966621398926e-01
9.990416765213012695e-01
9.990000128746032715e-01
9.991666674613952637e-01
9.995416402816772461e-01
9.993541836738586426e-01
9.994999766349792480e-01
9.995416402816772461e-01
9.999374747276306152e-01
9.999166727066040039e-01
9.999791383743286133e-01
9.999791383743286133e-01
9.999791383743286133e-01
1.000000000000000000e+00
9.999791383743286133e-01
1.000000000000000000e+00
1.000000000000000000e+00
9.999374747276306152e-01
1.000000000000000000e+00
9.999791383743286133e-01
9.999583363533020020e-01
1.000000000000000000e+00
9.999583363533020020e-01
9.999166727066040039e-01
1.000000000000000000e+00
9.998958110809326172e-01
1.000000000000000000e+00
1.000000000000000000e+00
1.000000000000000000e+00
9.998958110809326172e-01
9.999166727066040039e-01
1.000000000000000000e+00
1.000000000000000000e+00
1.000000000000000000e+00
1.000000000000000000e+00
1.000000000000000000e+00
1.000000000000000000e+00
9.999583363533020020e-01
9.998958110809326172e-01
1.000000000000000000e+00
9.999791383743286133e-01
