5.475620627403259277e-01
7.266013622283935547e-01
7.633218765258789062e-01
7.798024415969848633e-01
7.903458476066589355e-01
8.009973168373107910e-01
8.016281723976135254e-01
8.094061017036437988e-01
8.134506344795227051e-01
8.175383806228637695e-01
8.213192820549011230e-01
8.273515105247497559e-01
8.287169933319091797e-01
8.296935558319091797e-01
8.299225568771362305e-01
8.336127400398254395e-01
8.285354971885681152e-01
8.398826122283935547e-01
8.349997997283935547e-01
8.400813937187194824e-01
8.396449685096740723e-01
8.435512185096740723e-01
8.452191352844238281e-01
8.486976027488708496e-01
8.492550253868103027e-01
8.460012674331665039e-01
8.512989282608032227e-01
8.520507812500000000e-01
8.497000932693481445e-01
8.545008301734924316e-01
8.557668924331665039e-01
8.532520532608032227e-01
8.584805130958557129e-01
8.541205525398254395e-01
8.618379831314086914e-01
8.603515625000000000e-01
8.592626452445983887e-01
8.615787625312805176e-01
8.630954623222351074e-01
8.630565404891967773e-01
8.611250519752502441e-01
8.662411570549011230e-01
8.648584485054016113e-01
8.688511252403259277e-01
8.663362264633178711e-01
8.696504831314086914e-01
8.676800727844238281e-01
8.700956106185913086e-01
8.692702651023864746e-01
8.695381879806518555e-01
8.702295422554016113e-01
8.714913129806518555e-01
8.718628883361816406e-01
8.723382353782653809e-01
8.735351562500000000e-01
8.743000030517578125e-01
8.741876482963562012e-01
8.753327131271362305e-01
8.756222128868103027e-01
8.742351531982421875e-01
8.790531754493713379e-01
8.768883347511291504e-01
8.773074746131896973e-01
8.789710402488708496e-01
8.790920376777648926e-01
8.790618181228637695e-01
8.804099559783935547e-01
8.895490765571594238e-01
8.892206549644470215e-01
8.916404247283935547e-01
8.892422318458557129e-01
8.912169933319091797e-01
8.921632766723632812e-01
8.923577666282653809e-01
8.925392627716064453e-01
8.916793465614318848e-01
8.926213383674621582e-01
8.918564915657043457e-01
8.936540484428405762e-01
8.940170407295227051e-01
8.924096226692199707e-01
8.939911127090454102e-01
8.941380381584167480e-01
8.951578140258789062e-01
8.933904767036437988e-01
8.972967267036437988e-01
8.941423296928405762e-01
8.957368135452270508e-01
8.950583934783935547e-01
8.962164521217346191e-01
8.967436552047729492e-01
8.977504372596740723e-01
8.970201611518859863e-01
8.943281769752502441e-01
8.973097205162048340e-01
8.985152840614318848e-01
8.972880840301513672e-01
8.984202146530151367e-01
8.994918465614318848e-01
8.983683586120605469e-01
8.995220661163330078e-01
8.995955586433410645e-01
9.012764692306518555e-01
8.990337848663330078e-01
8.998937010765075684e-01
9.009999036788940430e-01
9.001875519752502441e-01
9.005721211433410645e-01
9.003733396530151367e-01
9.011727571487426758e-01
9.012851119041442871e-01
9.011900424957275391e-01
9.005245566368103027e-01
9.015227556228637695e-01
9.001702666282653809e-01
9.004424810409545898e-01
9.021881818771362305e-01
9.030696749687194824e-01
9.029832482337951660e-01
9.028190970420837402e-01
9.024517536163330078e-01
9.030005335807800293e-01
9.038345217704772949e-01
9.039036631584167480e-01
9.033548831939697266e-01
9.030394554138183594e-01
9.041758775711059570e-01
9.026980996131896973e-01
9.044048786163330078e-01
9.058913588523864746e-01
9.031777381896972656e-01
9.034067392349243164e-01
9.056537151336669922e-01
9.069111347198486328e-01
9.100784659385681152e-01
9.118933081626892090e-01
9.106186032295227051e-01
9.103247523307800293e-01
9.101216793060302734e-01
9.110593795776367188e-01
9.114353060722351074e-01
9.124075174331665039e-01
9.107006788253784180e-01
9.122605919837951660e-01
9.120186567306518555e-01
9.123686552047729492e-01
9.117031693458557129e-01
9.127748012542724609e-01
9.117809534072875977e-01
9.121439456939697266e-01
9.124075174331665039e-01
9.122778773307800293e-01
9.141013622283935547e-01
9.127445816993713379e-01
9.129606485366821289e-01
9.127056598663330078e-01
9.132457971572875977e-01
9.124205112457275391e-01
9.126235842704772949e-01
9.140840768814086914e-01
9.135699272155761719e-01
9.122000932693481445e-01
9.144773483276367188e-01
9.133149385452270508e-01
9.145637154579162598e-01
9.138291478157043457e-01
9.140495657920837402e-01
9.136390089988708496e-01
9.143952131271362305e-01
9.134662151336669922e-01
9.145637154579162598e-01
9.138464331626892090e-01
9.141445755958557129e-01
9.147192835807800293e-01
9.149569869041442871e-01
9.149829149246215820e-01
9.155575633049011230e-01
9.146977066993713379e-01
9.149051308631896973e-01
9.140409231185913086e-01
9.153847694396972656e-01
9.151600599288940430e-01
9.149180650711059570e-01
9.154582023620605469e-01
9.161927700042724609e-01
9.159378409385681152e-01
9.169706106185913086e-01
9.151643514633178711e-01
9.160372018814086914e-01
9.151124954223632812e-01
9.159119129180908203e-01
9.162446260452270508e-01
9.165730476379394531e-01
9.157736301422119141e-01
9.159983396530151367e-01
9.163699746131896973e-01
9.147624969482421875e-01
9.152464866638183594e-01
9.171434044837951660e-01
9.162014126777648926e-01
9.168150424957275391e-01
