5.792225599288940430e-01
7.296477556228637695e-01
7.689219713211059570e-01
7.795129418373107910e-01
7.943990230560302734e-01
7.990874052047729492e-01
8.043547868728637695e-01
8.086369633674621582e-01
8.124913573265075684e-01
8.167389631271362305e-01
8.250224590301513672e-01
8.232637643814086914e-01
8.222699165344238281e-01
8.301904797554016113e-01
8.326448202133178711e-01
8.334745168685913086e-01
8.337726593017578125e-01
8.394548296928405762e-01
8.357646465301513672e-01
8.405264616012573242e-01
8.355183601379394531e-01
8.415246605873107910e-01
8.455734848976135254e-01
8.412351608276367188e-01
8.441259264945983887e-01
8.491902351379394531e-01
8.465500473976135254e-01
8.489309549331665039e-01
8.482871055603027344e-01
8.489612340927124023e-01
8.454870581626892090e-01
8.511174321174621582e-01
8.548335433006286621e-01
8.544706106185913086e-01
8.535285592079162598e-01
8.536625504493713379e-01
8.554212450981140137e-01
8.566656708717346191e-01
8.577200174331665039e-01
8.581737279891967773e-01
8.598071336746215820e-01
8.602867722511291504e-01
8.593879342079162598e-01
8.618077635765075684e-01
8.606713414192199707e-01
8.624343276023864746e-01
8.634713888168334961e-01
8.622485399246215820e-01
8.643831014633178711e-01
8.669282197952270508e-01
8.654633760452270508e-01
8.656535148620605469e-01
8.680084943771362305e-01
8.666560053825378418e-01
8.658998012542724609e-01
8.688684105873107910e-01
8.686480522155761719e-01
8.658177256584167480e-01
8.688813447952270508e-01
8.701042532920837402e-01
8.689332008361816406e-01
8.689072728157043457e-01
8.699227571487426758e-01
8.699227571487426758e-01
8.704326152801513672e-01
8.733882308006286621e-01
8.716468214988708496e-01
8.814427256584167480e-01
8.814729452133178711e-01
8.798655271530151367e-01
8.823242187500000000e-01
8.826310038566589355e-01
8.839489221572875977e-01
8.827304244041442871e-01
8.841563463211059570e-01
8.834563493728637695e-01
8.836464881896972656e-01
8.834519982337951660e-01
8.856514692306518555e-01
8.852409720420837402e-01
8.846057653427124023e-01
8.855952620506286621e-01
8.870168924331665039e-01
8.857508301734924316e-01
8.850291967391967773e-01
8.857249021530151367e-01
8.869823217391967773e-01
8.868570327758789062e-01
8.878335952758789062e-01
8.882310986518859863e-01
8.872761726379394531e-01
8.870773911476135254e-01
8.883564472198486328e-01
8.873409628868103027e-01
8.877687454223632812e-01
8.890564441680908203e-01
8.887496590614318848e-01
8.896052241325378418e-01
8.891817331314086914e-01
8.896743655204772949e-01
8.900589346885681152e-01
8.905947804450988770e-01
8.902663588523864746e-01
8.901885747909545898e-01
8.915108442306518555e-01
8.903527855873107910e-01
8.910700678825378418e-01
8.932046890258789062e-01
8.910182118415832520e-01
8.920336961746215820e-01
8.914762735366821289e-01
8.924614787101745605e-01
8.929497599601745605e-01
8.922540545463562012e-01
8.931355476379394531e-01
8.919386267662048340e-01
8.932306170463562012e-01
8.942546844482421875e-01
8.926688432693481445e-01
8.917095661163330078e-01
8.921200633049011230e-01
8.936281204223632812e-01
8.942071795463562012e-01
8.946392536163330078e-01
8.922929167747497559e-01
8.952831029891967773e-01
8.941423296928405762e-01
8.948337435722351074e-01
8.957065939903259277e-01
8.954862356185913086e-01
8.961948752403259277e-01
8.967393040657043457e-01
8.956460952758789062e-01
8.934250473976135254e-01
9.003171920776367188e-01
8.991634249687194824e-01
9.022918939590454102e-01
9.007665514945983887e-01
9.012678265571594238e-01
9.008184075355529785e-01
9.016869664192199707e-01
8.994874954223632812e-01
9.021233916282653809e-01
9.028147459030151367e-01
9.006541967391967773e-01
9.014579057693481445e-01
9.019980430603027344e-01
9.014924764633178711e-01
9.012461900711059570e-01
9.022962450981140137e-01
9.026159644126892090e-01
9.028493165969848633e-01
9.028363227844238281e-01
9.022271037101745605e-01
9.020801782608032227e-01
9.021752476692199707e-01
9.027888178825378418e-01
9.023610353469848633e-01
9.024776816368103027e-01
9.022918939590454102e-01
9.030696749687194824e-01
9.036011695861816406e-01
9.035147428512573242e-01
9.028925299644470215e-01
9.032425284385681152e-01
9.033548831939697266e-01
9.031128883361816406e-01
9.027240276336669922e-01
9.039598107337951660e-01
9.035968780517578125e-01
9.030308127403259277e-01
9.050660133361816406e-01
9.025943875312805176e-01
9.038474559783935547e-01
9.038733839988708496e-01
9.040419459342956543e-01
9.047851562500000000e-01
9.038128852844238281e-01
9.051697254180908203e-01
9.045042991638183594e-01
9.039165973663330078e-01
9.044826626777648926e-01
9.052215814590454102e-01
9.045129418373107910e-01
9.037610888481140137e-01
9.042623043060302734e-01
9.049536585807800293e-01
9.045993685722351074e-01
9.056105017662048340e-01
9.050271511077880859e-01
9.043919444084167480e-01
9.051610827445983887e-01
9.051265120506286621e-01
9.063796401023864746e-01
9.047851562500000000e-01
9.065827131271362305e-01
9.059086441993713379e-01
9.057401418685913086e-01
9.063277840614318848e-01
9.059864282608032227e-01
9.056407213211059570e-01
