5.719544887542724609e-01
7.468240261077880859e-01
7.746603488922119141e-01
7.849661111831665039e-01
7.959935069084167480e-01
8.044195771217346191e-01
8.115968704223632812e-01
8.117135763168334961e-01
8.150407671928405762e-01
8.212329149246215820e-01
8.210557103157043457e-01
8.207273483276367188e-01
8.307608366012573242e-01
8.265780806541442871e-01
8.295034170150756836e-01
8.354665040969848633e-01
8.355485796928405762e-01
8.377480506896972656e-01
8.376184105873107910e-01
8.391134738922119141e-01
8.377307653427124023e-01
8.406474590301513672e-01
8.454654812812805176e-01
8.444499969482421875e-01
8.464852571487426758e-01
8.496309518814086914e-01
8.427475094795227051e-01
8.512167930603027344e-01
8.530144095420837402e-01
8.553348183631896973e-01
8.526557087898254395e-01
8.579663038253784180e-01
8.553477525711059570e-01
8.589212894439697266e-01
8.546736836433410645e-01
8.583768606185913086e-01
8.598417043685913086e-01
8.612806200981140137e-01
8.640460968017578125e-01
8.600534200668334961e-01
8.612028360366821289e-01
8.596385717391967773e-01
8.628404736518859863e-01
8.631343245506286621e-01
8.683023452758789062e-01
8.660035133361816406e-01
8.661850094795227051e-01
8.683109879493713379e-01
8.687949180603027344e-01
8.721696734428405762e-01
8.675159215927124023e-01
8.696375489234924316e-01
8.698233366012573242e-01
8.723165988922119141e-01
8.735222220420837402e-01
8.734141588211059570e-01
8.768883347511291504e-01
8.748876452445983887e-01
8.748574256896972656e-01
8.766549825668334961e-01
8.758555650711059570e-01
8.762704133987426758e-01
8.768407702445983887e-01
8.795155286788940430e-01
8.775537610054016113e-01
8.779167532920837402e-01
8.807686567306518555e-01
8.886243700981140137e-01
8.901626467704772949e-01
8.912861347198486328e-01
8.903570771217346191e-01
8.896743655204772949e-01
8.896311521530151367e-01
8.916577100753784180e-01
8.896657228469848633e-01
8.905126452445983887e-01
8.905904293060302734e-01
8.916102051734924316e-01
8.939003944396972656e-01
8.922540545463562012e-01
8.906120657920837402e-01
8.922583460807800293e-01
8.938485383987426758e-01
8.918305635452270508e-01
8.934855461120605469e-01
8.946133255958557129e-01
8.909663558006286621e-01
8.916102051734924316e-01
8.933731913566589355e-01
8.951578140258789062e-01
8.935849070549011230e-01
8.951664566993713379e-01
8.956374526023864746e-01
8.946349620819091797e-01
8.944405317306518555e-01
8.940041065216064453e-01
8.953738808631896973e-01
8.962467312812805176e-01
8.971973657608032227e-01
8.970806598663330078e-01
8.952788114547729492e-01
8.978022933006286621e-01
8.976467251777648926e-01
8.981047868728637695e-01
8.975473642349243164e-01
8.983208537101745605e-01
8.978455066680908203e-01
8.988825678825378418e-01
8.993060588836669922e-01
8.985714316368103027e-01
8.996128439903259277e-01
8.992239236831665039e-01
9.004770517349243164e-01
8.979362845420837402e-01
8.992023468017578125e-01
8.992757797241210938e-01
9.019073247909545898e-01
9.000233411788940430e-01
9.017258286476135254e-01
8.992152810096740723e-01
9.007579088211059570e-01
9.003171920776367188e-01
9.017603993415832520e-01
9.014060497283935547e-01
9.010992646217346191e-01
9.025986790657043457e-01
9.020110368728637695e-01
9.033073782920837402e-01
9.018770456314086914e-01
9.037351608276367188e-01
9.026808142662048340e-01
9.034153819084167480e-01
9.037567377090454102e-01
9.036141633987426758e-01
9.084494113922119141e-01
9.086827635765075684e-01
9.098148941993713379e-01
9.089463353157043457e-01
9.086439013481140137e-01
9.094735383987426758e-01
9.102340340614318848e-01
9.094735383987426758e-01
9.093568325042724609e-01
9.096938967704772949e-01
9.107136726379394531e-01
9.105797410011291504e-01
9.114482402801513672e-01
9.116297364234924316e-01
9.116643071174621582e-01
9.110550284385681152e-01
9.107006788253784180e-01
9.117463827133178711e-01
9.105321764945983887e-01
9.121136665344238281e-01
9.112019538879394531e-01
9.114828109741210938e-01
9.108476042747497559e-01
9.125630855560302734e-01
9.112883806228637695e-01
9.123772978782653809e-01
9.124118685722351074e-01
9.132112264633178711e-01
9.128915071487426758e-01
9.133408665657043457e-01
9.125025868415832520e-01
9.129779338836669922e-01
9.108433127403259277e-01
9.133062958717346191e-01
9.133754372596740723e-01
9.126797318458557129e-01
9.139199256896972656e-01
9.112365245819091797e-01
9.133149385452270508e-01
9.135050773620605469e-01
9.143044948577880859e-01
9.141013622283935547e-01
9.137125015258789062e-01
9.135569334030151367e-01
9.148964881896972656e-01
9.145550727844238281e-01
9.140884280204772949e-01
9.146587848663330078e-01
9.137167930603027344e-01
9.139717817306518555e-01
9.136303663253784180e-01
9.146760702133178711e-01
9.148662090301513672e-01
9.138723611831665039e-01
9.141748547554016113e-01
9.150433540344238281e-01
9.151297807693481445e-01
9.159249067306518555e-01
9.145248532295227051e-01
9.150606393814086914e-01
9.154495596885681152e-01
9.158341288566589355e-01
9.156051278114318848e-01
9.161106944084167480e-01
9.146890640258789062e-01
9.157174825668334961e-01
9.154971241950988770e-01
