5.461015105247497559e-01
7.383028268814086914e-01
7.768468260765075684e-01
7.976744174957275391e-01
8.041992187500000000e-01
8.129796385765075684e-01
8.163760304450988770e-01
8.168513178825378418e-01
8.224211931228637695e-01
8.251564502716064453e-01
8.290756344795227051e-01
8.321349620819091797e-01
8.375492691993713379e-01
8.422073721885681152e-01
8.409067392349243164e-01
8.417234420776367188e-01
8.426827192306518555e-01
8.464074730873107910e-01
8.467790484428405762e-01
8.478118181228637695e-01
8.470599651336669922e-01
8.498340845108032227e-01
8.547211885452270508e-01
8.542847633361816406e-01
8.588651418685913086e-01
8.573181629180908203e-01
8.617689013481140137e-01
8.586145043373107910e-01
8.605805635452270508e-01
8.615571260452270508e-01
8.630695343017578125e-01
8.633417487144470215e-01
8.649923801422119141e-01
8.630090355873107910e-01
8.678486347198486328e-01
8.689936995506286621e-01
8.687214851379394531e-01
8.716641068458557129e-01
8.687776327133178711e-01
8.746370077133178711e-01
8.729863762855529785e-01
8.744944334030151367e-01
8.761234879493713379e-01
8.758426308631896973e-01
8.771691918373107910e-01
8.776012659072875977e-01
8.785216808319091797e-01
8.781932592391967773e-01
8.817797899246215820e-01
8.797315955162048340e-01
8.802890181541442871e-01
8.811618685722351074e-01
8.833094239234924316e-01
8.788976073265075684e-01
8.850291967391967773e-01
8.803192377090454102e-01
8.825100064277648926e-01
8.876737356185913086e-01
8.874749541282653809e-01
8.868353962898254395e-01
8.878897428512573242e-01
8.863125443458557129e-01
8.871422410011291504e-01
8.912515640258789062e-01
8.880496621131896973e-01
8.890996575355529785e-01
8.873582482337951660e-01
8.984677195549011230e-01
8.992584943771362305e-01
8.981177210807800293e-01
8.991461396217346191e-01
8.992325663566589355e-01
8.982344269752502441e-01
8.994442820549011230e-01
8.989862799644470215e-01
9.008054733276367188e-01
8.999369144439697266e-01
9.005202651023864746e-01
9.004294872283935547e-01
9.014060497283935547e-01
9.012807607650756836e-01
9.013456106185913086e-01
9.026073217391967773e-01
9.027196764945983887e-01
9.029443860054016113e-01
9.004511237144470215e-01
9.030999541282653809e-01
9.029357433319091797e-01
9.037524461746215820e-01
9.038647413253784180e-01
9.041845202445983887e-01
9.043746590614318848e-01
9.036357402801513672e-01
9.038085937500000000e-01
9.035061001777648926e-01
9.057098627090454102e-01
9.060598611831665039e-01
9.059000015258789062e-01
9.058567881584167480e-01
9.065913558006286621e-01
9.044005870819091797e-01
9.058178663253784180e-01
9.066345691680908203e-01
9.065438508987426758e-01
9.048845171928405762e-01
9.076370596885681152e-01
9.065049290657043457e-01
9.069154262542724609e-01
9.069499969482421875e-01
9.075938463211059570e-01
9.078099131584167480e-01
9.075247049331665039e-01
9.080691933631896973e-01
9.087951183319091797e-01
9.081339836120605469e-01
9.085661172866821289e-01
9.073086380958557129e-01
9.091364741325378418e-01
9.096938967704772949e-01
9.091451168060302734e-01
9.084666967391967773e-01
9.101173877716064453e-01
9.078704118728637695e-01
9.088858366012573242e-01
9.094864726066589355e-01
9.106445312500000000e-01
9.108476042747497559e-01
9.109297394752502441e-01
9.103809595108032227e-01
9.101648926734924316e-01
9.105408191680908203e-01
9.101951122283935547e-01
9.118976593017578125e-01
9.114395976066589355e-01
9.168884754180908203e-01
9.158168435096740723e-01
9.162705540657043457e-01
9.175928235054016113e-01
9.157131314277648926e-01
9.178261756896972656e-01
9.168755412101745605e-01
9.165644049644470215e-01
9.174891114234924316e-01
9.166896939277648926e-01
9.167156219482421875e-01
9.174934029579162598e-01
9.175755381584167480e-01
9.184095263481140137e-01
9.181416034698486328e-01
9.184570312500000000e-01
9.183144569396972656e-01
9.170051217079162598e-01
9.189280271530151367e-01
9.189453125000000000e-01
9.191008806228637695e-01
9.188156723976135254e-01
9.180378913879394531e-01
9.190360307693481445e-01
9.195373058319091797e-01
9.181545376777648926e-01
9.195848107337951660e-01
9.188934564590454102e-01
9.195978045463562012e-01
9.192996621131896973e-01
9.202027320861816406e-01
9.198959469795227051e-01
9.196842312812805176e-01
9.197663068771362305e-01
9.188027381896972656e-01
9.203885793685913086e-01
9.201681613922119141e-01
9.198959469795227051e-01
9.199607372283935547e-01
9.199910163879394531e-01
9.196453094482421875e-01
9.208682179450988770e-01
9.200428724288940430e-01
9.200515151023864746e-01
9.204965829849243164e-01
9.205657243728637695e-01
9.213607907295227051e-01
9.207904338836669922e-01
9.205181598663330078e-01
9.210021495819091797e-01
9.216373562812805176e-01
9.213521480560302734e-01
9.212873578071594238e-01
9.206218719482421875e-01
9.213305711746215820e-01
9.222725629806518555e-01
9.217712879180908203e-01
9.216632843017578125e-01
9.233484864234924316e-01
9.223027825355529785e-01
9.221083521842956543e-01
9.228861331939697266e-01
9.220435023307800293e-01
9.224756360054016113e-01
9.226354956626892090e-01
9.223546385765075684e-01
9.227176308631896973e-01
