2.686244547367095947e-01
3.376116156578063965e-01
4.078543484210968018e-01
4.659598171710968018e-01
5.039759874343872070e-01
5.242745280265808105e-01
5.649414062500000000e-01
6.049107313156127930e-01
6.225585937500000000e-01
6.473214030265808105e-01
6.794084906578063965e-01
6.930106282234191895e-01
7.170758843421936035e-01
7.288643717765808105e-01
7.467913031578063965e-01
7.666712999343872070e-01
7.732282280921936035e-01
7.889927625656127930e-01
8.090122938156127930e-01
8.164759874343872070e-01
8.240792155265808105e-01
8.307059407234191895e-01
8.416573405265808105e-01
8.388671875000000000e-01
8.485630750656127930e-01
8.670479655265808105e-01
8.626534342765808105e-01
8.741629719734191895e-01
8.697684407234191895e-01
8.810686469078063965e-01
8.793247938156127930e-01
8.856026530265808105e-01
8.955078125000000000e-01
8.953682780265808105e-01
8.970423936843872070e-01
8.945312500000000000e-01
9.086216688156127930e-01
9.100865125656127930e-01
9.077148437500000000e-01
9.172014594078063965e-01
9.193638563156127930e-01
9.212471842765808105e-01
9.156668782234191895e-01
9.191545844078063965e-01
9.238281250000000000e-01
9.264090657234191895e-01
9.250836968421936035e-01
9.288504719734191895e-01
9.346400499343872070e-01
9.328961968421936035e-01
9.361048936843872070e-01
9.319893717765808105e-01
9.365931749343872070e-01
9.361746907234191895e-01
9.405692219734191895e-01
9.437081217765808105e-01
9.389648437500000000e-01
9.432198405265808105e-01
9.473353624343872070e-01
9.466378092765808105e-01
9.496372938156127930e-01
9.486607313156127930e-01
9.513811469078063965e-01
9.478236436843872070e-01
9.505440592765808105e-01
9.518694281578063965e-01
9.547991156578063965e-01
9.553571343421936035e-01
9.518694281578063965e-01
9.494280219078063965e-01
9.558454155921936035e-01
9.559849500656127930e-01
9.551478624343872070e-01
9.573102593421936035e-01
9.534040093421936035e-01
9.575892686843872070e-01
9.560546875000000000e-01
9.565429687500000000e-01
9.601702094078063965e-01
9.561244249343872070e-01
9.628208875656127930e-01
9.650530219078063965e-01
9.607282280921936035e-01
9.625418782234191895e-01
9.584263563156127930e-01
9.651924967765808105e-01
9.612862467765808105e-01
9.659598469734191895e-01
9.654715657234191895e-01
9.677734375000000000e-01
9.646344780921936035e-01
9.688197374343872070e-01
9.684012532234191895e-01
9.666573405265808105e-01
9.651924967765808105e-01
9.715401530265808105e-01
9.720284342765808105e-01
9.647042155265808105e-01
9.664481282234191895e-01
9.682617187500000000e-01
9.734932780265808105e-01
9.756556749343872070e-01
9.763532280921936035e-01
9.785156250000000000e-01
9.704938530921936035e-01
9.695172905921936035e-01
9.729352593421936035e-01
9.785156250000000000e-01
9.764229655265808105e-01
9.743303656578063965e-01
9.778878092765808105e-01
9.797014594078063965e-01
9.772600531578063965e-01
9.771205186843872070e-01
9.773995280265808105e-01
9.794224500656127930e-01
9.761439561843872070e-01
9.767717719078063965e-01
9.801200032234191895e-01
9.790039062500000000e-01
9.797711968421936035e-01
9.809570312500000000e-01
9.769810438156127930e-01
9.781668782234191895e-01
9.750976562500000000e-01
9.780273437500000000e-01
9.811663031578063965e-01
9.808174967765808105e-01
9.806780219078063965e-01
9.803292155265808105e-01
9.822823405265808105e-01
9.776087999343872070e-01
9.828404188156127930e-01
9.800502061843872070e-01
9.802594780921936035e-01
9.833984375000000000e-01
9.841657280921936035e-01
9.810267686843872070e-01
9.836077094078063965e-01
9.840262532234191895e-01
9.831891655921936035e-01
9.829798936843872070e-01
9.809570312500000000e-01
9.771903157234191895e-01
9.831891655921936035e-01
9.837471842765808105e-01
9.863281250000000000e-01
9.808174967765808105e-01
9.849330186843872070e-01
9.855608344078063965e-01
9.835379719734191895e-01
9.850028157234191895e-01
9.797014594078063965e-01
9.827706217765808105e-01
9.872349500656127930e-01
9.851422905921936035e-01
9.826311469078063965e-01
9.861885905265808105e-01
9.870954155921936035e-01
9.820033311843872070e-01
9.873744249343872070e-01
9.835379719734191895e-01
9.866071343421936035e-01
9.859095811843872070e-01
9.850725531578063965e-01
9.812360405921936035e-01
9.853515625000000000e-01
9.863978624343872070e-01
9.875139594078063965e-01
9.870256781578063965e-01
9.858398437500000000e-01
9.870256781578063965e-01
9.859095811843872070e-01
9.850028157234191895e-01
9.840262532234191895e-01
9.856305718421936035e-01
9.847237467765808105e-01
9.863281250000000000e-01
9.857701063156127930e-01
9.870954155921936035e-01
9.859793782234191895e-01
9.853515625000000000e-01
9.885602593421936035e-01
9.847237467765808105e-01
9.810965657234191895e-01
9.872349500656127930e-01
9.882115125656127930e-01
9.839564561843872070e-01
9.849330186843872070e-01
9.875836968421936035e-01
9.863281250000000000e-01
9.872349500656127930e-01
9.844447374343872070e-01
9.839564561843872070e-01
9.817940592765808105e-01
9.862583875656127930e-01
9.900251030921936035e-01
9.869559407234191895e-01
9.859095811843872070e-01
9.877929687500000000e-01
9.880022406578063965e-01
9.894670844078063965e-01
9.900251030921936035e-01
9.898158311843872070e-01
9.910016655921936035e-01
9.898158311843872070e-01
9.910714030265808105e-01
9.883509874343872070e-01
9.899553656578063965e-01
9.910714030265808105e-01
9.889090657234191895e-01
9.888392686843872070e-01
9.907226562500000000e-01
9.924665093421936035e-01
9.891182780265808105e-01
9.909319281578063965e-01
9.924665093421936035e-01
9.921875000000000000e-01
9.911412000656127930e-01
9.903739094734191895e-01
9.912109375000000000e-01
9.884905219078063965e-01
9.909319281578063965e-01
9.912806749343872070e-01
9.906529188156127930e-01
9.919782280921936035e-01
9.918387532234191895e-01
9.893275499343872070e-01
9.903739094734191895e-01
9.923967719078063965e-01
9.889788031578063965e-01
9.919084906578063965e-01
9.896763563156127930e-01
9.916992187500000000e-01
9.916294813156127930e-01
9.910714030265808105e-01
9.919084906578063965e-01
9.900251030921936035e-01
9.928850531578063965e-01
9.907923936843872070e-01
9.912109375000000000e-01
9.926757812500000000e-01
9.916294813156127930e-01
9.928850531578063965e-01
9.907923936843872070e-01
9.927455186843872070e-01
9.923270344734191895e-01
9.912806749343872070e-01
9.903041124343872070e-01
9.928153157234191895e-01
9.915596842765808105e-01
9.907923936843872070e-01
9.919782280921936035e-01
9.918387532234191895e-01
9.914899468421936035e-01
9.914899468421936035e-01
9.923270344734191895e-01
9.928850531578063965e-01
9.920479655265808105e-01
9.921875000000000000e-01
9.926757812500000000e-01
9.913504719734191895e-01
9.919782280921936035e-01
9.913504719734191895e-01
9.927455186843872070e-01
9.930245280265808105e-01
9.928153157234191895e-01
9.928850531578063965e-01
9.921875000000000000e-01
9.921875000000000000e-01
9.928850531578063965e-01
9.930245280265808105e-01
9.931640625000000000e-01
9.928850531578063965e-01
9.935128092765808105e-01
9.930943250656127930e-01
9.934430718421936035e-01
9.936523437500000000e-01
9.912109375000000000e-01
9.930245280265808105e-01
9.928850531578063965e-01
9.918387532234191895e-01
9.928850531578063965e-01
9.928850531578063965e-01
9.926060438156127930e-01
9.917689561843872070e-01
9.902343750000000000e-01
9.928153157234191895e-01
9.931640625000000000e-01
9.942801594734191895e-01
9.922572374343872070e-01
9.907226562500000000e-01
9.914899468421936035e-01
9.940010905265808105e-01
9.927455186843872070e-01
9.926060438156127930e-01
9.938616156578063965e-01
9.928850531578063965e-01
9.931640625000000000e-01
9.937918782234191895e-01
9.949079155921936035e-01
