3.061523437500000000e-01
4.580078125000000000e-01
5.332031250000000000e-01
5.728934407234191895e-01
6.169084906578063965e-01
6.584123969078063965e-01
7.075892686843872070e-01
7.303292155265808105e-01
7.553013563156127930e-01
7.717633843421936035e-01
7.987583875656127930e-01
7.943638563156127930e-01
8.164062500000000000e-01
8.417968750000000000e-01
8.394252061843872070e-01
8.550502061843872070e-01
8.524693250656127930e-01
8.728376030921936035e-01
8.692801594734191895e-01
8.728376030921936035e-01
8.859514594078063965e-01
9.007393717765808105e-01
8.976702094078063965e-01
9.010881781578063965e-01
9.039481282234191895e-01
9.093192219734191895e-01
9.084123969078063965e-01
9.197823405265808105e-01
9.237583875656127930e-01
9.123883843421936035e-01
9.216657280921936035e-01
9.326869249343872070e-01
9.212471842765808105e-01
9.296177625656127930e-01
9.275948405265808105e-01
9.328961968421936035e-01
9.391741156578063965e-01
9.356166124343872070e-01
9.470563530921936035e-01
9.378487467765808105e-01
9.370117187500000000e-01
9.455915093421936035e-01
9.391741156578063965e-01
9.329659342765808105e-01
9.437081217765808105e-01
9.515206217765808105e-01
9.381975531578063965e-01
9.472656250000000000e-01
9.411969780921936035e-01
9.448939561843872070e-01
9.547991156578063965e-01
9.514508843421936035e-01
9.506835937500000000e-01
9.502650499343872070e-01
9.429408311843872070e-01
9.581473469734191895e-01
9.531947374343872070e-01
9.571707844734191895e-01
9.570312500000000000e-01
9.629603624343872070e-01
9.666573405265808105e-01
9.670061469078063965e-01
9.597516655921936035e-01
9.569615125656127930e-01
9.642857313156127930e-01
9.662388563156127930e-01
9.610072374343872070e-01
9.525669813156127930e-01
9.650530219078063965e-01
9.628906250000000000e-01
9.604492187500000000e-01
9.700753092765808105e-01
9.637974500656127930e-01
9.633091688156127930e-01
9.642159342765808105e-01
9.685407280921936035e-01
9.707728624343872070e-01
9.724469780921936035e-01
9.711914062500000000e-01
9.690987467765808105e-01
9.702845811843872070e-01
9.710518717765808105e-01
9.647042155265808105e-01
9.722377061843872070e-01
9.743303656578063965e-01
9.730747938156127930e-01
9.697265625000000000e-01
9.769112467765808105e-01
9.664481282234191895e-01
9.744698405265808105e-01
9.659598469734191895e-01
9.672154188156127930e-01
9.687500000000000000e-01
9.722377061843872070e-01
9.678431749343872070e-01
9.763532280921936035e-01
9.754464030265808105e-01
9.773995280265808105e-01
9.767020344734191895e-01
9.723075032234191895e-01
9.808174967765808105e-01
9.822823405265808105e-01
9.840959906578063965e-01
9.815848469734191895e-01
9.817243218421936035e-01
9.843052625656127930e-01
9.857003092765808105e-01
9.836077094078063965e-01
9.810965657234191895e-01
9.835379719734191895e-01
9.868164062500000000e-01
9.843052625656127930e-01
9.797711968421936035e-01
9.823521375656127930e-01
9.866768717765808105e-01
9.827008843421936035e-01
9.850725531578063965e-01
9.824916124343872070e-01
9.840262532234191895e-01
9.885602593421936035e-01
9.866071343421936035e-01
9.840262532234191895e-01
9.857701063156127930e-01
9.866071343421936035e-01
9.847935438156127930e-01
9.872349500656127930e-01
9.888392686843872070e-01
9.877929687500000000e-01
9.889090657234191895e-01
9.902343750000000000e-01
9.829101562500000000e-01
9.847935438156127930e-01
9.876534342765808105e-01
9.893973469734191895e-01
9.880022406578063965e-01
9.803292155265808105e-01
9.889788031578063965e-01
9.880719780921936035e-01
9.874442219734191895e-01
9.893275499343872070e-01
9.847237467765808105e-01
9.895368218421936035e-01
9.863978624343872070e-01
9.898158311843872070e-01
9.892578125000000000e-01
9.881417155265808105e-01
9.907923936843872070e-01
9.914899468421936035e-01
9.895368218421936035e-01
9.903739094734191895e-01
9.860491156578063965e-01
9.875139594078063965e-01
9.869559407234191895e-01
9.880719780921936035e-01
9.902343750000000000e-01
9.873744249343872070e-01
9.901646375656127930e-01
9.921875000000000000e-01
9.943498969078063965e-01
9.908621907234191895e-01
9.873744249343872070e-01
9.925362467765808105e-01
9.917689561843872070e-01
9.905133843421936035e-01
9.910714030265808105e-01
9.926757812500000000e-01
9.918387532234191895e-01
9.831891655921936035e-01
9.884207844734191895e-01
9.922572374343872070e-01
9.915596842765808105e-01
9.930943250656127930e-01
9.914899468421936035e-01
9.914202094078063965e-01
9.914899468421936035e-01
9.915596842765808105e-01
9.910016655921936035e-01
9.857003092765808105e-01
9.916294813156127930e-01
9.923270344734191895e-01
9.897460937500000000e-01
9.917689561843872070e-01
9.937918782234191895e-01
9.922572374343872070e-01
9.902343750000000000e-01
9.914202094078063965e-01
9.916294813156127930e-01
9.902343750000000000e-01
9.918387532234191895e-01
9.926757812500000000e-01
9.933035969734191895e-01
9.889788031578063965e-01
9.935128092765808105e-01
9.908621907234191895e-01
9.898158311843872070e-01
9.920479655265808105e-01
9.931640625000000000e-01
9.921875000000000000e-01
9.886997938156127930e-01
9.948381781578063965e-01
9.957450032234191895e-01
9.951171875000000000e-01
9.946986436843872070e-01
9.953961968421936035e-01
9.936523437500000000e-01
9.944196343421936035e-01
9.950474500656127930e-01
9.957450032234191895e-01
9.962332844734191895e-01
9.963030219078063965e-01
9.955357313156127930e-01
9.953961968421936035e-01
9.960240125656127930e-01
9.928850531578063965e-01
9.961634874343872070e-01
9.958844780921936035e-01
9.951869249343872070e-01
9.953961968421936035e-01
9.956752061843872070e-01
9.953264594078063965e-01
9.962332844734191895e-01
9.944196343421936035e-01
9.932337999343872070e-01
9.958147406578063965e-01
9.947684407234191895e-01
9.958147406578063965e-01
9.953961968421936035e-01
9.955357313156127930e-01
9.953264594078063965e-01
9.961634874343872070e-01
9.960240125656127930e-01
9.948381781578063965e-01
9.954659342765808105e-01
9.958147406578063965e-01
9.961634874343872070e-01
9.961634874343872070e-01
9.944893717765808105e-01
9.967215657234191895e-01
9.962332844734191895e-01
9.948381781578063965e-01
9.967913031578063965e-01
9.949776530265808105e-01
9.967215657234191895e-01
9.953264594078063965e-01
9.963030219078063965e-01
9.967215657234191895e-01
9.961634874343872070e-01
9.956752061843872070e-01
9.972098469734191895e-01
9.963030219078063965e-01
9.970703125000000000e-01
9.969307780265808105e-01
9.958844780921936035e-01
9.967913031578063965e-01
9.974190592765808105e-01
9.950474500656127930e-01
9.967913031578063965e-01
9.965122938156127930e-01
9.971400499343872070e-01
9.972098469734191895e-01
9.971400499343872070e-01
9.969307780265808105e-01
9.973493218421936035e-01
9.974888563156127930e-01
9.975585937500000000e-01
9.977678656578063965e-01
9.965122938156127930e-01
9.953961968421936035e-01
9.969307780265808105e-01
9.963727593421936035e-01
9.966517686843872070e-01
9.953961968421936035e-01
9.969307780265808105e-01
9.978376030921936035e-01
9.968610405921936035e-01
9.970703125000000000e-01
9.966517686843872070e-01
9.972795844078063965e-01
9.971400499343872070e-01
9.953264594078063965e-01
9.973493218421936035e-01
9.973493218421936035e-01
9.953961968421936035e-01
9.976981282234191895e-01
9.973493218421936035e-01
9.973493218421936035e-01
9.963030219078063965e-01
9.981166124343872070e-01
9.947684407234191895e-01
9.970005750656127930e-01
9.976981282234191895e-01
9.944196343421936035e-01
9.959542155265808105e-01
9.973493218421936035e-01
9.972098469734191895e-01
9.974888563156127930e-01
9.961634874343872070e-01
9.972795844078063965e-01
9.974888563156127930e-01
9.973493218421936035e-01
9.977678656578063965e-01
