3.187081515789031982e-01
3.955078125000000000e-01
4.415457546710968018e-01
4.797014594078063965e-01
5.148577094078063965e-01
5.494559407234191895e-01
5.797991156578063965e-01
6.001673936843872070e-01
6.257672905921936035e-01
6.440429687500000000e-01
6.687360405921936035e-01
6.945452094078063965e-01
7.096121907234191895e-01
7.278878092765808105e-01
7.396763563156127930e-01
7.489537000656127930e-01
7.753906250000000000e-01
7.850167155265808105e-01
7.887834906578063965e-01
8.043387532234191895e-01
8.148018717765808105e-01
8.203125000000000000e-01
8.310546875000000000e-01
8.351702094078063965e-01
8.505859375000000000e-01
8.541434407234191895e-01
8.577008843421936035e-01
8.634905219078063965e-01
8.713727593421936035e-01
8.694893717765808105e-01
8.761160969734191895e-01
8.816266655921936035e-01
8.871372938156127930e-01
8.901367187500000000e-01
8.933454155921936035e-01
9.009486436843872070e-01
8.999023437500000000e-01
9.033203125000000000e-01
9.120396375656127930e-01
9.079938530921936035e-01
9.105049967765808105e-01
9.155273437500000000e-01
9.139229655265808105e-01
9.220842719078063965e-01
9.144810438156127930e-01
9.308733344078063965e-01
9.298967719078063965e-01
9.266182780265808105e-01
9.298967719078063965e-01
9.371512532234191895e-01
9.225725531578063965e-01
9.297572374343872070e-01
9.389648437500000000e-01
9.453822374343872070e-01
9.373604655265808105e-01
9.445452094078063965e-01
9.439173936843872070e-01
9.452427625656127930e-01
9.416852593421936035e-01
9.427315592765808105e-01
9.465680718421936035e-01
9.441266655921936035e-01
9.495674967765808105e-01
9.511718750000000000e-01
9.483119249343872070e-01
9.554268717765808105e-01
9.545201063156127930e-01
9.559151530265808105e-01
9.552176594734191895e-01
9.461495280265808105e-01
9.577288031578063965e-01
9.510323405265808105e-01
9.550781250000000000e-01
9.584960937500000000e-01
9.579380750656127930e-01
9.607979655265808105e-01
9.589843750000000000e-01
9.596819281578063965e-01
9.645647406578063965e-01
9.653320312500000000e-01
9.633789062500000000e-01
9.594726562500000000e-01
9.684012532234191895e-01
9.619140625000000000e-01
9.651227593421936035e-01
9.609375000000000000e-01
9.628208875656127930e-01
9.670061469078063965e-01
9.656807780265808105e-01
9.699358344078063965e-01
9.646344780921936035e-01
9.727957844734191895e-01
9.703543782234191895e-01
9.681919813156127930e-01
9.714006781578063965e-01
9.629603624343872070e-01
9.654017686843872070e-01
9.688197374343872070e-01
9.706333875656127930e-01
9.584263563156127930e-01
9.727259874343872070e-01
9.762834906578063965e-01
9.750279188156127930e-01
9.760742187500000000e-01
9.754464030265808105e-01
9.792829155921936035e-01
9.758649468421936035e-01
9.780273437500000000e-01
9.756556749343872070e-01
9.769810438156127930e-01
9.795619249343872070e-01
9.811663031578063965e-01
9.821428656578063965e-01
9.817940592765808105e-01
9.764927625656127930e-01
9.819335937500000000e-01
9.777483344078063965e-01
9.810267686843872070e-01
9.795619249343872070e-01
9.783063530921936035e-01
9.776785969734191895e-01
9.807477593421936035e-01
9.792131781578063965e-01
9.803292155265808105e-01
9.719586968421936035e-01
9.807477593421936035e-01
9.807477593421936035e-01
9.816545844078063965e-01
9.765625000000000000e-01
9.819335937500000000e-01
9.804687500000000000e-01
9.795619249343872070e-01
9.814453125000000000e-01
9.805384874343872070e-01
9.796317219734191895e-01
9.815150499343872070e-01
9.805384874343872070e-01
9.838867187500000000e-01
9.821428656578063965e-01
9.832589030265808105e-01
9.793526530265808105e-01
9.826311469078063965e-01
9.822823405265808105e-01
9.829798936843872070e-01
9.839564561843872070e-01
9.831891655921936035e-01
9.817243218421936035e-01
9.851422905921936035e-01
9.771903157234191895e-01
9.797014594078063965e-01
9.841657280921936035e-01
9.829798936843872070e-01
9.833984375000000000e-01
9.847935438156127930e-01
9.815848469734191895e-01
9.834681749343872070e-01
9.818638563156127930e-01
9.854212999343872070e-01
9.858398437500000000e-01
9.847237467765808105e-01
9.841657280921936035e-01
9.859793782234191895e-01
9.870954155921936035e-01
9.843750000000000000e-01
9.866768717765808105e-01
9.841657280921936035e-01
9.853515625000000000e-01
9.861188530921936035e-01
9.852818250656127930e-01
9.877232313156127930e-01
9.846540093421936035e-01
9.815848469734191895e-01
9.868164062500000000e-01
9.854910969734191895e-01
9.841657280921936035e-01
9.876534342765808105e-01
9.868164062500000000e-01
9.866071343421936035e-01
9.861885905265808105e-01
9.864676594734191895e-01
9.881417155265808105e-01
9.837471842765808105e-01
9.889788031578063965e-01
9.884905219078063965e-01
9.882812500000000000e-01
9.886997938156127930e-01
9.857003092765808105e-01
9.875139594078063965e-01
9.886997938156127930e-01
9.855608344078063965e-01
9.890485405921936035e-01
9.869559407234191895e-01
9.899553656578063965e-01
9.889788031578063965e-01
9.872349500656127930e-01
9.850028157234191895e-01
9.860491156578063965e-01
9.893973469734191895e-01
9.877929687500000000e-01
9.892578125000000000e-01
9.889788031578063965e-01
9.902343750000000000e-01
9.912806749343872070e-01
9.915596842765808105e-01
9.910016655921936035e-01
9.923967719078063965e-01
9.926757812500000000e-01
9.909319281578063965e-01
9.908621907234191895e-01
9.911412000656127930e-01
9.912806749343872070e-01
9.923967719078063965e-01
9.912109375000000000e-01
9.900251030921936035e-01
9.900948405265808105e-01
9.883509874343872070e-01
9.916294813156127930e-01
9.937220811843872070e-01
9.912806749343872070e-01
9.922572374343872070e-01
9.922572374343872070e-01
9.905133843421936035e-01
9.922572374343872070e-01
9.919084906578063965e-01
9.930943250656127930e-01
9.919084906578063965e-01
9.911412000656127930e-01
9.919782280921936035e-01
9.898856282234191895e-01
9.883509874343872070e-01
9.929547905921936035e-01
9.911412000656127930e-01
9.935128092765808105e-01
9.919782280921936035e-01
9.930943250656127930e-01
9.911412000656127930e-01
9.891880750656127930e-01
9.915596842765808105e-01
9.933733344078063965e-01
9.926757812500000000e-01
9.926060438156127930e-01
9.883509874343872070e-01
9.926757812500000000e-01
9.916294813156127930e-01
9.892578125000000000e-01
9.921177625656127930e-01
9.915596842765808105e-01
9.935826063156127930e-01
9.911412000656127930e-01
9.934430718421936035e-01
9.909319281578063965e-01
9.909319281578063965e-01
9.940010905265808105e-01
9.935128092765808105e-01
9.942801594734191895e-01
9.905831217765808105e-01
9.916294813156127930e-01
9.930245280265808105e-01
9.933733344078063965e-01
9.927455186843872070e-01
9.922572374343872070e-01
9.896763563156127930e-01
9.937918782234191895e-01
9.932337999343872070e-01
9.940708875656127930e-01
9.938616156578063965e-01
9.942103624343872070e-01
9.945591688156127930e-01
9.929547905921936035e-01
9.938616156578063965e-01
9.914899468421936035e-01
9.920479655265808105e-01
9.919782280921936035e-01
9.923967719078063965e-01
9.940010905265808105e-01
9.948381781578063965e-01
9.910714030265808105e-01
9.940708875656127930e-01
9.938616156578063965e-01
9.948381781578063965e-01
9.945591688156127930e-01
9.931640625000000000e-01
9.930245280265808105e-01
9.941406250000000000e-01
9.940708875656127930e-01
9.916992187500000000e-01
9.907923936843872070e-01
9.919782280921936035e-01
9.942801594734191895e-01
9.931640625000000000e-01
9.942801594734191895e-01
9.944893717765808105e-01
9.949079155921936035e-01
9.916294813156127930e-01
9.945591688156127930e-01
9.926060438156127930e-01
9.955357313156127930e-01
9.926060438156127930e-01
9.923967719078063965e-01
9.906529188156127930e-01
9.942103624343872070e-01
