5.942771434783935547e-01
7.535735368728637695e-01
7.795777320861816406e-01
7.922816872596740723e-01
7.955181598663330078e-01
7.998824715614318848e-01
8.082394003868103027e-01
8.194698691368103027e-01
8.173395991325378418e-01
8.197637200355529785e-01
8.234409689903259277e-01
8.269885778427124023e-01
8.334960937500000000e-01
8.347621560096740723e-01
8.362442851066589355e-01
8.369572758674621582e-01
8.388542532920837402e-01
8.428080081939697266e-01
8.412351608276367188e-01
8.446272015571594238e-01
8.453574180603027344e-01
8.468309044837951660e-01
8.498513698577880859e-01
8.502315878868103027e-01
8.532822728157043457e-01
8.551273941993713379e-01
8.540384769439697266e-01
8.553002476692199707e-01
8.562508821487426758e-01
8.578323721885681152e-01
8.628448247909545898e-01
8.602305650711059570e-01
8.641325235366821289e-01
8.640503883361816406e-01
8.658306598663330078e-01
8.655584454536437988e-01
8.679912090301513672e-01
8.688035607337951660e-01
8.681942820549011230e-01
8.714523911476135254e-01
8.702641129493713379e-01
8.714567422866821289e-01
8.700739741325378418e-01
8.719363808631896973e-01
8.732802271842956543e-01
8.727919459342956543e-01
8.740277290344238281e-01
8.761062026023864746e-01
8.747105002403259277e-01
8.786686062812805176e-01
8.756957054138183594e-01
8.783833980560302734e-01
8.780031204223632812e-01
8.804358839988708496e-01
8.790920376777648926e-01
8.802068829536437988e-01
8.832921385765075684e-01
8.848779797554016113e-01
8.825964331626892090e-01
8.857464790344238281e-01
8.835989236831665039e-01
8.848174810409545898e-01
8.866150379180908203e-01
8.865458965301513672e-01
8.872934579849243164e-01
8.877255320549011230e-01
8.857335448265075684e-01
8.958750963211059570e-01
8.960954546928405762e-01
8.967565894126892090e-01
8.965750932693481445e-01
8.961473107337951660e-01
8.972967267036437988e-01
8.965059518814086914e-01
8.987659215927124023e-01
8.971368670463562012e-01
8.970979452133178711e-01
8.962208032608032227e-01
8.982646465301513672e-01
8.994442820549011230e-01
8.981912136077880859e-01
8.992369174957275391e-01
8.989732861518859863e-01
8.999066352844238281e-01
8.999325633049011230e-01
9.000535607337951660e-01
8.992974162101745605e-01
9.002739787101745605e-01
9.013931155204772949e-01
9.010949730873107910e-01
8.992196321487426758e-01
9.016999006271362305e-01
9.021536111831665039e-01
9.008831977844238281e-01
9.007751941680908203e-01
9.017603993415832520e-01
9.031085968017578125e-01
9.027067422866821289e-01
9.022789597511291504e-01
9.030135273933410645e-01
9.017344713211059570e-01
9.028881788253784180e-01
9.025295376777648926e-01
9.040375947952270508e-01
9.024517536163330078e-01
9.021320343017578125e-01
9.048499464988708496e-01
9.030653834342956543e-01
9.052863717079162598e-01
9.035147428512573242e-01
9.035320281982421875e-01
9.029357433319091797e-01
9.046987295150756836e-01
9.031085968017578125e-01
9.044826626777648926e-01
9.060814976692199707e-01
9.054592251777648926e-01
9.042493700981140137e-01
9.055629372596740723e-01
9.058005809783935547e-01
9.072179198265075684e-01
9.061852097511291504e-01
9.058049321174621582e-01
9.055456519126892090e-01
9.075117707252502441e-01
9.054722189903259277e-01
9.088339805603027344e-01
9.065611362457275391e-01
9.064617156982421875e-01
9.067728519439697266e-01
9.077926278114318848e-01
9.064660668373107910e-01
9.075636267662048340e-01
9.074944853782653809e-01
9.122649431228637695e-01
9.124377965927124023e-01
9.117680191993713379e-01
9.113488793373107910e-01
9.113143086433410645e-01
9.127056598663330078e-01
9.127964377403259277e-01
9.124248027801513672e-01
9.127359390258789062e-01
9.128310084342956543e-01
9.137340784072875977e-01
9.132717251777648926e-01
9.143260717391967773e-01
9.133192896842956543e-01
9.142050743103027344e-01
9.136476516723632812e-01
9.140365719795227051e-01
9.145767092704772949e-01
9.142526388168334961e-01
9.139285683631896973e-01
9.138550758361816406e-01
9.143519997596740723e-01
9.147322773933410645e-01
9.139977097511291504e-01
9.145464897155761719e-01
9.149397015571594238e-01
9.140192866325378418e-01
9.150433540344238281e-01
9.152162075042724609e-01
9.150304198265075684e-01
9.143736362457275391e-01
9.154754877090454102e-01
9.144254922866821289e-01
9.147538542747497559e-01
9.147063493728637695e-01
9.156224131584167480e-01
9.141575694084167480e-01
9.162791967391967773e-01
9.157131314277648926e-01
9.145767092704772949e-01
9.160113334655761719e-01
9.156483411788940430e-01
9.167847633361816406e-01
9.158686995506286621e-01
9.168409705162048340e-01
9.153934121131896973e-01
9.152162075042724609e-01
9.169273972511291504e-01
9.161322712898254395e-01
9.161971211433410645e-01
9.165081977844238281e-01
9.159940481185913086e-01
9.169533252716064453e-01
9.163915514945983887e-01
9.170742630958557129e-01
9.147365689277648926e-01
9.160934090614318848e-01
9.171434044837951660e-01
9.170483350753784180e-01
9.162791967391967773e-01
9.158903360366821289e-01
9.172168970108032227e-01
9.159810543060302734e-01
9.174761772155761719e-01
9.173076152801513672e-01
9.171261191368103027e-01
9.174199700355529785e-01
