2.440708726644515991e-01
3.567243218421936035e-01
4.310128390789031982e-01
4.886997640132904053e-01
5.258091688156127930e-01
5.588030219078063965e-01
5.854492187500000000e-01
6.113281250000000000e-01
6.389508843421936035e-01
6.668526530265808105e-01
6.900111436843872070e-01
7.066825032234191895e-01
7.191685438156127930e-01
7.359793782234191895e-01
7.547432780265808105e-01
7.692522406578063965e-01
7.832031250000000000e-01
7.944335937500000000e-01
7.992466688156127930e-01
8.136858344078063965e-01
8.224051594734191895e-01
8.329380750656127930e-01
8.368443250656127930e-01
8.460518717765808105e-01
8.432617187500000000e-01
8.602818250656127930e-01
8.640485405921936035e-01
8.771623969078063965e-01
8.829520344734191895e-01
8.814173936843872070e-01
8.868582844734191895e-01
8.839983344078063965e-01
8.946707844734191895e-01
9.015764594078063965e-01
9.104352593421936035e-01
9.017159342765808105e-01
9.100167155265808105e-01
9.141322374343872070e-01
9.159458875656127930e-01
9.240373969078063965e-01
9.076451063156127930e-01
9.218750000000000000e-01
9.197823405265808105e-01
9.271763563156127930e-01
9.322684407234191895e-01
9.352678656578063965e-01
9.321986436843872070e-01
9.315708875656127930e-01
9.356864094734191895e-01
9.351283311843872070e-01
9.453822374343872070e-01
9.451729655265808105e-01
9.454520344734191895e-01
9.412667155265808105e-01
9.471260905265808105e-01
9.470563530921936035e-01
9.414062500000000000e-01
9.513114094734191895e-01
9.534737467765808105e-01
9.533342719078063965e-01
9.584263563156127930e-01
9.518694281578063965e-01
9.517996907234191895e-01
9.556361436843872070e-01
9.601702094078063965e-01
9.601702094078063965e-01
9.566825032234191895e-01
9.580078125000000000e-01
9.605189561843872070e-01
9.612165093421936035e-01
9.647740125656127930e-01
9.642857313156127930e-01
9.578682780265808105e-01
9.589146375656127930e-01
9.591936469078063965e-01
9.676339030265808105e-01
9.655413031578063965e-01
9.640764594078063965e-01
9.670061469078063965e-01
9.643554687500000000e-01
9.670758843421936035e-01
9.684012532234191895e-01
9.725865125656127930e-01
9.665876030921936035e-01
9.719586968421936035e-01
9.675641655921936035e-01
9.692382812500000000e-01
9.647042155265808105e-01
9.670061469078063965e-01
9.700055718421936035e-01
9.670758843421936035e-01
9.683314561843872070e-01
9.674944281578063965e-01
9.721679687500000000e-01
9.757952094078063965e-01
9.674246907234191895e-01
9.710518717765808105e-01
9.648437500000000000e-01
9.738420844078063965e-01
9.744001030921936035e-01
9.798409342765808105e-01
9.810965657234191895e-01
9.765625000000000000e-01
9.814453125000000000e-01
9.786551594734191895e-01
9.803990125656127930e-01
9.808872938156127930e-01
9.804687500000000000e-01
9.813755750656127930e-01
9.805384874343872070e-01
9.808872938156127930e-01
9.820033311843872070e-01
9.820033311843872070e-01
9.771903157234191895e-01
9.811663031578063965e-01
9.804687500000000000e-01
9.810267686843872070e-01
9.832589030265808105e-01
9.787946343421936035e-01
9.798409342765808105e-01
9.829101562500000000e-01
9.829798936843872070e-01
9.780273437500000000e-01
9.848632812500000000e-01
9.817243218421936035e-01
9.833287000656127930e-01
9.831891655921936035e-01
9.840262532234191895e-01
9.824218750000000000e-01
9.820033311843872070e-01
9.817243218421936035e-01
9.817243218421936035e-01
9.847237467765808105e-01
9.845145344734191895e-01
9.862583875656127930e-01
9.815848469734191895e-01
9.852818250656127930e-01
9.862583875656127930e-01
9.845842719078063965e-01
9.844447374343872070e-01
9.869559407234191895e-01
9.859095811843872070e-01
9.873046875000000000e-01
9.847935438156127930e-01
9.856305718421936035e-01
9.873744249343872070e-01
9.852818250656127930e-01
9.817243218421936035e-01
9.847237467765808105e-01
9.879325032234191895e-01
9.875836968421936035e-01
9.852120280265808105e-01
9.870256781578063965e-01
9.852120280265808105e-01
9.860491156578063965e-01
9.875836968421936035e-01
9.869559407234191895e-01
9.863978624343872070e-01
9.854212999343872070e-01
9.824218750000000000e-01
9.861885905265808105e-01
9.877929687500000000e-01
9.852818250656127930e-01
9.854212999343872070e-01
9.884207844734191895e-01
9.835379719734191895e-01
9.877929687500000000e-01
9.855608344078063965e-01
9.881417155265808105e-01
9.885602593421936035e-01
9.867466688156127930e-01
9.889090657234191895e-01
9.863978624343872070e-01
9.888392686843872070e-01
9.884207844734191895e-01
9.873744249343872070e-01
9.889090657234191895e-01
9.876534342765808105e-01
9.897460937500000000e-01
9.911412000656127930e-01
9.881417155265808105e-01
9.891880750656127930e-01
9.891182780265808105e-01
9.865373969078063965e-01
9.896065592765808105e-01
9.884207844734191895e-01
9.880022406578063965e-01
9.845145344734191895e-01
9.863978624343872070e-01
9.899553656578063965e-01
9.884905219078063965e-01
9.869559407234191895e-01
9.894670844078063965e-01
9.900251030921936035e-01
9.914202094078063965e-01
9.897460937500000000e-01
9.907923936843872070e-01
9.912806749343872070e-01
9.894670844078063965e-01
9.910714030265808105e-01
9.903739094734191895e-01
9.923967719078063965e-01
9.921875000000000000e-01
9.912806749343872070e-01
9.909319281578063965e-01
9.882812500000000000e-01
9.926060438156127930e-01
9.924665093421936035e-01
9.928153157234191895e-01
9.922572374343872070e-01
9.925362467765808105e-01
9.929547905921936035e-01
9.922572374343872070e-01
9.936523437500000000e-01
9.926757812500000000e-01
9.923270344734191895e-01
9.912806749343872070e-01
9.905133843421936035e-01
9.912806749343872070e-01
9.903739094734191895e-01
9.915596842765808105e-01
9.912109375000000000e-01
9.909319281578063965e-01
9.922572374343872070e-01
9.928850531578063965e-01
9.923270344734191895e-01
9.930245280265808105e-01
9.921875000000000000e-01
9.923270344734191895e-01
9.916294813156127930e-01
9.920479655265808105e-01
9.939313530921936035e-01
9.928153157234191895e-01
9.939313530921936035e-01
9.932337999343872070e-01
9.915596842765808105e-01
9.926060438156127930e-01
9.917689561843872070e-01
9.937918782234191895e-01
9.938616156578063965e-01
9.921177625656127930e-01
9.941406250000000000e-01
9.917689561843872070e-01
9.940010905265808105e-01
9.924665093421936035e-01
9.933733344078063965e-01
9.941406250000000000e-01
9.909319281578063965e-01
9.925362467765808105e-01
9.933035969734191895e-01
9.919084906578063965e-01
9.914899468421936035e-01
9.935826063156127930e-01
9.907226562500000000e-01
9.938616156578063965e-01
9.928153157234191895e-01
9.930245280265808105e-01
9.929547905921936035e-01
9.934430718421936035e-01
9.934430718421936035e-01
9.938616156578063965e-01
9.921177625656127930e-01
9.916992187500000000e-01
9.943498969078063965e-01
9.937220811843872070e-01
9.936523437500000000e-01
9.935128092765808105e-01
9.936523437500000000e-01
9.936523437500000000e-01
9.951171875000000000e-01
9.937918782234191895e-01
9.921177625656127930e-01
9.938616156578063965e-01
9.934430718421936035e-01
9.942103624343872070e-01
9.939313530921936035e-01
9.944196343421936035e-01
9.916294813156127930e-01
9.942801594734191895e-01
9.946289062500000000e-01
9.937220811843872070e-01
9.948381781578063965e-01
9.928850531578063965e-01
9.951171875000000000e-01
9.928153157234191895e-01
9.933035969734191895e-01
9.929547905921936035e-01
9.949079155921936035e-01
9.930245280265808105e-01
9.944893717765808105e-01
9.948381781578063965e-01
9.949079155921936035e-01
9.939313530921936035e-01
9.949776530265808105e-01
9.930943250656127930e-01
9.943498969078063965e-01
9.946986436843872070e-01
9.934430718421936035e-01
9.951869249343872070e-01
9.946986436843872070e-01
9.952567219734191895e-01
