7.118333578109741211e-01
8.773124814033508301e-01
9.108124971389770508e-01
9.298124909400939941e-01
9.445208311080932617e-01
9.527083039283752441e-01
9.603333473205566406e-01
9.655625224113464355e-01
9.696458578109741211e-01
9.726458191871643066e-01
9.757708311080932617e-01
9.770833253860473633e-01
9.792500138282775879e-01
9.807500243186950684e-01
9.830625057220458984e-01
9.836249947547912598e-01
9.845625162124633789e-01
9.861041903495788574e-01
9.867916703224182129e-01
9.876458048820495605e-01
9.890416860580444336e-01
9.887916445732116699e-01
9.897083044052124023e-01
9.905624985694885254e-01
9.909583330154418945e-01
9.913750290870666504e-01
9.915624856948852539e-01
9.920416474342346191e-01
9.923333525657653809e-01
9.926875233650207520e-01
9.934375286102294922e-01
9.937083125114440918e-01
9.934791922569274902e-01
9.932083487510681152e-01
9.971874952316284180e-01
9.978958368301391602e-01
9.978749752044677734e-01
9.980624914169311523e-01
9.983541369438171387e-01
9.983749985694885254e-01
9.983958601951599121e-01
9.983749985694885254e-01
9.985416531562805176e-01
9.986041784286499023e-01
9.988124966621398926e-01
9.988541603088378906e-01
9.993125200271606445e-01
9.989166855812072754e-01
9.990208148956298828e-01
9.991875290870666504e-01
9.992499947547912598e-01
9.986458420753479004e-01
9.987916946411132812e-01
9.994375109672546387e-01
9.992083311080932617e-01
9.995833039283752441e-01
9.992708563804626465e-01
9.988958239555358887e-01
9.995208382606506348e-01
9.996666908264160156e-01
9.994791746139526367e-01
9.994583129882812500e-01
9.992499947547912598e-01
9.995416402816772461e-01
9.994791746139526367e-01
9.997083544731140137e-01
9.996041655540466309e-01
9.993333220481872559e-01
9.998958110809326172e-01
1.000000000000000000e+00
9.999583363533020020e-01
9.998958110809326172e-01
9.999791383743286133e-01
9.999374747276306152e-01
9.999583363533020020e-01
9.999791383743286133e-01
1.000000000000000000e+00
9.999791383743286133e-01
1.000000000000000000e+00
1.000000000000000000e+00
1.000000000000000000e+00
1.000000000000000000e+00
1.000000000000000000e+00
9.999791383743286133e-01
1.000000000000000000e+00
1.000000000000000000e+00
1.000000000000000000e+00
9.998958110809326172e-01
9.999374747276306152e-01
1.000000000000000000e+00
9.999374747276306152e-01
9.999374747276306152e-01
9.999791383743286133e-01
1.000000000000000000e+00
1.000000000000000000e+00
9.999791383743286133e-01
1.000000000000000000e+00
9.999791383743286133e-01
1.000000000000000000e+00
9.998124837875366211e-01
1.000000000000000000e+00
