2.989676296710968018e-01
3.871372640132904053e-01
4.487304687500000000e-01
4.912807047367095947e-01
5.420619249343872070e-01
5.749860405921936035e-01
6.058872938156127930e-01
6.286969780921936035e-01
6.658760905265808105e-01
6.862444281578063965e-01
7.008928656578063965e-01
7.191685438156127930e-01
7.416294813156127930e-01
7.424665093421936035e-01
7.622767686843872070e-01
7.806919813156127930e-01
7.912946343421936035e-01
8.078961968421936035e-01
8.165457844734191895e-01
8.226841688156127930e-01
8.168247938156127930e-01
8.344726562500000000e-01
8.555384874343872070e-01
8.576311469078063965e-01
8.630719780921936035e-01
8.692103624343872070e-01
8.782086968421936035e-01
8.828125000000000000e-01
8.820452094078063965e-01
8.944615125656127930e-01
8.943917155265808105e-01
8.953682780265808105e-01
9.086216688156127930e-01
8.983677625656127930e-01
9.030413031578063965e-01
9.171317219734191895e-01
9.144810438156127930e-01
9.172014594078063965e-01
9.164341688156127930e-01
9.194335937500000000e-01
9.206891655921936035e-01
9.313616156578063965e-01
9.237583875656127930e-01
9.340820312500000000e-01
9.367327094078063965e-01
9.381278157234191895e-01
9.392438530921936035e-01
9.402204155921936035e-01
9.435686469078063965e-01
9.380580186843872070e-01
9.435686469078063965e-01
9.443359375000000000e-01
9.543108344078063965e-01
9.485211968421936035e-01
9.533342719078063965e-01
9.529854655265808105e-01
9.557756781578063965e-01
9.565429687500000000e-01
9.509626030921936035e-01
9.556361436843872070e-01
9.541712999343872070e-01
9.549385905265808105e-01
9.500557780265808105e-01
9.547293782234191895e-01
9.513114094734191895e-01
9.572405219078063965e-01
9.656807780265808105e-01
9.620535969734191895e-01
9.582170844078063965e-01
9.647042155265808105e-01
9.632393717765808105e-01
9.631696343421936035e-01
9.659598469734191895e-01
9.657505750656127930e-01
9.617047905921936035e-01
9.626116156578063965e-01
9.661690592765808105e-01
9.653320312500000000e-01
9.711216688156127930e-01
9.685407280921936035e-01
9.652622938156127930e-01
9.652622938156127930e-01
9.654715657234191895e-01
9.632393717765808105e-01
9.649832844734191895e-01
9.684012532234191895e-01
9.679129719734191895e-01
9.707728624343872070e-01
9.714006781578063965e-01
9.773995280265808105e-01
9.654017686843872070e-01
9.704938530921936035e-01
9.755162000656127930e-01
9.732840657234191895e-01
9.722377061843872070e-01
9.749581217765808105e-01
9.714006781578063965e-01
9.771903157234191895e-01
9.748883843421936035e-01
9.774693250656127930e-01
9.818638563156127930e-01
9.813755750656127930e-01
9.730747938156127930e-01
9.785853624343872070e-01
9.824218750000000000e-01
9.806082844734191895e-01
9.824218750000000000e-01
9.784458875656127930e-01
9.804687500000000000e-01
9.817243218421936035e-01
9.819335937500000000e-01
9.829798936843872070e-01
9.831194281578063965e-01
9.807477593421936035e-01
9.805384874343872070e-01
9.805384874343872070e-01
9.815150499343872070e-01
9.833287000656127930e-01
9.833984375000000000e-01
9.850725531578063965e-01
9.823521375656127930e-01
9.832589030265808105e-01
9.845842719078063965e-01
9.827008843421936035e-01
9.835379719734191895e-01
9.863281250000000000e-01
9.817243218421936035e-01
9.847935438156127930e-01
9.824218750000000000e-01
9.850725531578063965e-01
9.818638563156127930e-01
9.819335937500000000e-01
9.835379719734191895e-01
9.848632812500000000e-01
9.865373969078063965e-01
9.864676594734191895e-01
9.845145344734191895e-01
9.861188530921936035e-01
9.869559407234191895e-01
9.850028157234191895e-01
9.854910969734191895e-01
9.873046875000000000e-01
9.827706217765808105e-01
9.892578125000000000e-01
9.868861436843872070e-01
9.862583875656127930e-01
9.886997938156127930e-01
9.867466688156127930e-01
9.868861436843872070e-01
9.880719780921936035e-01
9.881417155265808105e-01
9.827706217765808105e-01
9.859793782234191895e-01
9.852120280265808105e-01
9.838867187500000000e-01
9.801897406578063965e-01
9.833984375000000000e-01
9.890485405921936035e-01
9.857003092765808105e-01
9.886997938156127930e-01
9.851422905921936035e-01
9.868861436843872070e-01
9.861188530921936035e-01
9.877232313156127930e-01
9.848632812500000000e-01
9.905831217765808105e-01
9.886997938156127930e-01
9.905831217765808105e-01
9.839564561843872070e-01
9.886997938156127930e-01
9.878627061843872070e-01
9.870954155921936035e-01
9.908621907234191895e-01
9.870954155921936035e-01
9.920479655265808105e-01
9.866768717765808105e-01
9.861885905265808105e-01
9.891182780265808105e-01
9.893275499343872070e-01
9.873046875000000000e-01
9.877929687500000000e-01
9.871651530265808105e-01
9.900948405265808105e-01
9.897460937500000000e-01
9.907226562500000000e-01
9.886997938156127930e-01
9.892578125000000000e-01
9.903041124343872070e-01
9.900948405265808105e-01
9.900948405265808105e-01
9.891182780265808105e-01
9.882812500000000000e-01
9.914899468421936035e-01
9.888392686843872070e-01
9.892578125000000000e-01
9.934430718421936035e-01
9.899553656578063965e-01
9.903041124343872070e-01
9.914202094078063965e-01
9.891182780265808105e-01
9.908621907234191895e-01
9.912109375000000000e-01
9.934430718421936035e-01
9.911412000656127930e-01
9.939313530921936035e-01
9.937918782234191895e-01
9.934430718421936035e-01
9.916992187500000000e-01
9.928153157234191895e-01
9.907226562500000000e-01
9.941406250000000000e-01
9.933733344078063965e-01
9.912806749343872070e-01
9.928850531578063965e-01
9.925362467765808105e-01
9.936523437500000000e-01
9.921875000000000000e-01
9.912806749343872070e-01
9.940010905265808105e-01
9.921875000000000000e-01
9.937220811843872070e-01
9.937220811843872070e-01
9.910016655921936035e-01
9.931640625000000000e-01
9.934430718421936035e-01
9.921177625656127930e-01
9.933733344078063965e-01
9.926757812500000000e-01
9.933733344078063965e-01
9.910016655921936035e-01
9.914202094078063965e-01
9.934430718421936035e-01
9.930245280265808105e-01
9.919782280921936035e-01
9.919782280921936035e-01
9.933733344078063965e-01
9.942103624343872070e-01
9.938616156578063965e-01
9.912806749343872070e-01
9.949079155921936035e-01
9.941406250000000000e-01
9.927455186843872070e-01
9.949079155921936035e-01
9.934430718421936035e-01
9.931640625000000000e-01
9.924665093421936035e-01
9.912109375000000000e-01
9.915596842765808105e-01
9.910016655921936035e-01
9.944196343421936035e-01
9.944196343421936035e-01
9.943498969078063965e-01
9.944893717765808105e-01
9.945591688156127930e-01
9.926757812500000000e-01
9.949079155921936035e-01
9.948381781578063965e-01
9.920479655265808105e-01
9.926757812500000000e-01
9.934430718421936035e-01
9.947684407234191895e-01
9.916294813156127930e-01
9.951171875000000000e-01
9.947684407234191895e-01
9.950474500656127930e-01
9.946986436843872070e-01
9.948381781578063965e-01
9.944893717765808105e-01
9.945591688156127930e-01
9.948381781578063965e-01
9.943498969078063965e-01
9.947684407234191895e-01
9.950474500656127930e-01
9.945591688156127930e-01
9.945591688156127930e-01
9.949776530265808105e-01
9.937918782234191895e-01
9.942103624343872070e-01
9.933035969734191895e-01
9.950474500656127930e-01
9.919782280921936035e-01
9.928850531578063965e-01
9.952567219734191895e-01
9.942103624343872070e-01
9.932337999343872070e-01
9.955357313156127930e-01
9.957450032234191895e-01
9.938616156578063965e-01
9.944196343421936035e-01
9.940010905265808105e-01
9.932337999343872070e-01
9.940010905265808105e-01
9.938616156578063965e-01
9.952567219734191895e-01
9.949079155921936035e-01
9.952567219734191895e-01
9.958147406578063965e-01
9.937918782234191895e-01
9.950474500656127930e-01
9.957450032234191895e-01
9.956752061843872070e-01
