7.045208215713500977e-01
8.710416555404663086e-01
9.063333272933959961e-01
9.254583120346069336e-01
9.380000233650207520e-01
9.492083191871643066e-01
9.566666483879089355e-01
9.622083306312561035e-01
9.668750166893005371e-01
9.703750014305114746e-01
9.721041917800903320e-01
9.750208258628845215e-01
9.763958454132080078e-01
9.776874780654907227e-01
9.787499904632568359e-01
9.798541665077209473e-01
9.819583296775817871e-01
9.831249713897705078e-01
9.839166402816772461e-01
9.846666455268859863e-01
9.851250052452087402e-01
9.860625267028808594e-01
9.872083067893981934e-01
9.871666431427001953e-01
9.879375100135803223e-01
9.884999990463256836e-01
9.886249899864196777e-01
9.895208477973937988e-01
9.898958206176757812e-01
9.900833368301391602e-01
9.912499785423278809e-01
9.917500019073486328e-01
9.923333525657653809e-01
9.918333292007446289e-01
9.957083463668823242e-01
9.967083334922790527e-01
9.967916607856750488e-01
9.971458315849304199e-01
9.967708587646484375e-01
9.973541498184204102e-01
9.974374771118164062e-01
9.972291588783264160e-01
9.978541731834411621e-01
9.978125095367431641e-01
9.980208277702331543e-01
9.978125095367431641e-01
9.982291460037231445e-01
9.981250166893005371e-01
9.981250166893005371e-01
9.984583258628845215e-01
9.985208511352539062e-01
9.985625147819519043e-01
9.987083077430725098e-01
9.984166622161865234e-01
9.987499713897705078e-01
9.988750219345092773e-01
9.992499947547912598e-01
9.990416765213012695e-01
9.992291927337646484e-01
9.992499947547912598e-01
9.990624785423278809e-01
9.992291927337646484e-01
9.993958473205566406e-01
9.987708330154418945e-01
9.990624785423278809e-01
9.992708563804626465e-01
9.993333220481872559e-01
9.990833401679992676e-01
9.997708201408386230e-01
9.999791383743286133e-01
9.999166727066040039e-01
9.999374747276306152e-01
9.998750090599060059e-01
9.998958110809326172e-01
9.999791383743286133e-01
9.998541474342346191e-01
9.999166727066040039e-01
9.999791383743286133e-01
1.000000000000000000e+00
9.999583363533020020e-01
9.999791383743286133e-01
9.999791383743286133e-01
9.999583363533020020e-01
1.000000000000000000e+00
1.000000000000000000e+00
9.999166727066040039e-01
9.999791383743286133e-01
9.999583363533020020e-01
1.000000000000000000e+00
1.000000000000000000e+00
1.000000000000000000e+00
1.000000000000000000e+00
1.000000000000000000e+00
9.999791383743286133e-01
1.000000000000000000e+00
9.998958110809326172e-01
9.999374747276306152e-01
9.999791383743286133e-01
9.999583363533020020e-01
9.999791383743286133e-01
9.998750090599060059e-01
