6.960625052452087402e-01
8.765208125114440918e-01
9.150208234786987305e-01
9.328125119209289551e-01
9.437291622161865234e-01
9.528124928474426270e-01
9.586041569709777832e-01
9.647499918937683105e-01
9.681666493415832520e-01
9.717500209808349609e-01
9.737499952316284180e-01
9.758958220481872559e-01
9.778125286102294922e-01
9.794583320617675781e-01
9.808541536331176758e-01
9.826041460037231445e-01
9.825416803359985352e-01
9.845416545867919922e-01
9.843124747276306152e-01
9.863125085830688477e-01
9.861041903495788574e-01
9.877291917800903320e-01
9.881874918937683105e-01
9.890624880790710449e-01
9.896458387374877930e-01
9.906250238418579102e-01
9.908124804496765137e-01
9.898333549499511719e-01
9.910625219345092773e-01
9.923333525657653809e-01
9.922708272933959961e-01
9.919791817665100098e-01
9.928541779518127441e-01
9.934583306312561035e-01
9.966666698455810547e-01
9.971250295639038086e-01
9.973124861717224121e-01
9.971250295639038086e-01
9.975416660308837891e-01
9.976041913032531738e-01
9.978958368301391602e-01
9.979375004768371582e-01
9.976458549499511719e-01
9.981458187103271484e-01
9.984166622161865234e-01
9.984583258628845215e-01
9.985833168029785156e-01
9.984791874885559082e-01
9.982708096504211426e-01
9.982083439826965332e-01
9.983958601951599121e-01
9.988958239555358887e-01
9.979791641235351562e-01
9.987083077430725098e-01
9.987708330154418945e-01
9.981458187103271484e-01
9.990000128746032715e-01
9.987916946411132812e-01
9.988958239555358887e-01
9.987291693687438965e-01
9.989583492279052734e-01
9.990416765213012695e-01
9.991458058357238770e-01
9.986875057220458984e-01
9.991875290870666504e-01
9.990000128746032715e-01
9.993125200271606445e-01
9.989791512489318848e-01
9.997500181198120117e-01
9.999374747276306152e-01
9.999374747276306152e-01
9.998124837875366211e-01
9.999166727066040039e-01
9.999374747276306152e-01
9.999583363533020020e-01
9.999791383743286133e-01
9.997708201408386230e-01
9.998958110809326172e-01
9.999374747276306152e-01
9.998333454132080078e-01
9.998333454132080078e-01
9.999374747276306152e-01
1.000000000000000000e+00
9.999791383743286133e-01
1.000000000000000000e+00
9.997500181198120117e-01
9.998124837875366211e-01
9.998958110809326172e-01
9.998750090599060059e-01
9.999791383743286133e-01
9.998958110809326172e-01
9.997291564941406250e-01
9.997916817665100098e-01
9.998958110809326172e-01
9.998750090599060059e-01
9.999166727066040039e-01
9.998333454132080078e-01
9.997291564941406250e-01
9.999374747276306152e-01
9.999166727066040039e-01
9.999583363533020020e-01
