3.188476562500000000e-01
4.402901828289031982e-01
5.239257812500000000e-01
5.809849500656127930e-01
6.289062500000000000e-01
6.549246907234191895e-01
6.919642686843872070e-01
7.316545844078063965e-01
7.555803656578063965e-01
7.679966688156127930e-01
7.812500000000000000e-01
8.122907280921936035e-01
8.173828125000000000e-01
8.289620280265808105e-01
8.474469780921936035e-01
8.534458875656127930e-01
8.754882812500000000e-01
8.756278157234191895e-01
8.790457844734191895e-01
8.934151530265808105e-01
8.927873969078063965e-01
9.063197374343872070e-01
8.962751030921936035e-01
9.079241156578063965e-01
9.155970811843872070e-01
9.127371907234191895e-01
9.183872938156127930e-01
9.219447374343872070e-01
9.286412000656127930e-01
9.177594780921936035e-01
9.218750000000000000e-01
9.337332844734191895e-01
9.347098469734191895e-01
9.329659342765808105e-01
9.380580186843872070e-01
9.369419813156127930e-01
9.403599500656127930e-01
9.483817219734191895e-01
9.439871907234191895e-01
9.412667155265808105e-01
9.477539062500000000e-01
9.391043782234191895e-01
9.376395344734191895e-01
9.479631781578063965e-01
9.522879719734191895e-01
9.464983344078063965e-01
9.551478624343872070e-01
9.418247938156127930e-01
9.573102593421936035e-01
9.538922905921936035e-01
9.529854655265808105e-01
9.517298936843872070e-01
9.450334906578063965e-01
9.545201063156127930e-01
9.566825032234191895e-01
9.576590657234191895e-01
9.536132812500000000e-01
9.576590657234191895e-01
9.630301594734191895e-01
9.597516655921936035e-01
9.566127061843872070e-01
9.609375000000000000e-01
9.654715657234191895e-01
9.509626030921936035e-01
9.566127061843872070e-01
9.542410969734191895e-01
9.590541124343872070e-01
9.600306749343872070e-01
9.610072374343872070e-01
9.653320312500000000e-01
9.707031250000000000e-01
9.617047905921936035e-01
9.703543782234191895e-01
9.684012532234191895e-01
9.617745280265808105e-01
9.536132812500000000e-01
9.715401530265808105e-01
9.642857313156127930e-01
9.654017686843872070e-01
9.704938530921936035e-01
9.744698405265808105e-01
9.734235405921936035e-01
9.614257812500000000e-01
9.647740125656127930e-01
9.644252061843872070e-01
9.642857313156127930e-01
9.759346842765808105e-01
9.769112467765808105e-01
9.718889594078063965e-01
9.705635905265808105e-01
9.764229655265808105e-01
9.733538031578063965e-01
9.704938530921936035e-01
9.777483344078063965e-01
9.698660969734191895e-01
9.731445312500000000e-01
9.702845811843872070e-01
9.726562500000000000e-01
9.760044813156127930e-01
9.721679687500000000e-01
9.801200032234191895e-01
9.837471842765808105e-01
9.790039062500000000e-01
9.827706217765808105e-01
9.790736436843872070e-01
9.861188530921936035e-01
9.840959906578063965e-01
9.859793782234191895e-01
9.836774468421936035e-01
9.839564561843872070e-01
9.835379719734191895e-01
9.831194281578063965e-01
9.824218750000000000e-01
9.850028157234191895e-01
9.862583875656127930e-01
9.859793782234191895e-01
9.840262532234191895e-01
9.814453125000000000e-01
9.836077094078063965e-01
9.885602593421936035e-01
9.838169813156127930e-01
9.868861436843872070e-01
9.891880750656127930e-01
9.865373969078063965e-01
9.847935438156127930e-01
9.816545844078063965e-01
9.856305718421936035e-01
9.828404188156127930e-01
9.870256781578063965e-01
9.819335937500000000e-01
9.883509874343872070e-01
9.858398437500000000e-01
9.877232313156127930e-01
9.861885905265808105e-01
9.884905219078063965e-01
9.881417155265808105e-01
9.860491156578063965e-01
9.873046875000000000e-01
9.868861436843872070e-01
9.862583875656127930e-01
9.871651530265808105e-01
9.875836968421936035e-01
9.880719780921936035e-01
9.876534342765808105e-01
9.810965657234191895e-01
9.883509874343872070e-01
9.911412000656127930e-01
9.893973469734191895e-01
9.863978624343872070e-01
9.840959906578063965e-01
9.863281250000000000e-01
9.906529188156127930e-01
9.878627061843872070e-01
9.879325032234191895e-01
9.866768717765808105e-01
9.861885905265808105e-01
9.882812500000000000e-01
9.910714030265808105e-01
9.869559407234191895e-01
9.891880750656127930e-01
9.863281250000000000e-01
9.869559407234191895e-01
9.903041124343872070e-01
9.893275499343872070e-01
9.838169813156127930e-01
9.897460937500000000e-01
9.878627061843872070e-01
9.882115125656127930e-01
9.889090657234191895e-01
9.910714030265808105e-01
9.868164062500000000e-01
9.889090657234191895e-01
9.919084906578063965e-01
9.883509874343872070e-01
9.884905219078063965e-01
9.899553656578063965e-01
9.877929687500000000e-01
9.893973469734191895e-01
9.887695312500000000e-01
9.905831217765808105e-01
9.852818250656127930e-01
9.878627061843872070e-01
9.889090657234191895e-01
9.890485405921936035e-01
9.874442219734191895e-01
9.877929687500000000e-01
9.889788031578063965e-01
9.924665093421936035e-01
9.921177625656127930e-01
9.890485405921936035e-01
9.908621907234191895e-01
9.897460937500000000e-01
9.895368218421936035e-01
9.922572374343872070e-01
9.903041124343872070e-01
9.901646375656127930e-01
9.930245280265808105e-01
9.911412000656127930e-01
9.900251030921936035e-01
9.919084906578063965e-01
9.942801594734191895e-01
9.940708875656127930e-01
9.928153157234191895e-01
9.930943250656127930e-01
9.954659342765808105e-01
9.951869249343872070e-01
9.915596842765808105e-01
9.937220811843872070e-01
9.935128092765808105e-01
9.958844780921936035e-01
9.931640625000000000e-01
9.932337999343872070e-01
9.942103624343872070e-01
9.946289062500000000e-01
9.903739094734191895e-01
9.953961968421936035e-01
9.953264594078063965e-01
9.910714030265808105e-01
9.958844780921936035e-01
9.937918782234191895e-01
9.959542155265808105e-01
9.921177625656127930e-01
9.946289062500000000e-01
9.963030219078063965e-01
9.904436469078063965e-01
9.944893717765808105e-01
9.948381781578063965e-01
9.949079155921936035e-01
9.933733344078063965e-01
9.944196343421936035e-01
9.953264594078063965e-01
9.944893717765808105e-01
9.933733344078063965e-01
9.935826063156127930e-01
9.945591688156127930e-01
9.959542155265808105e-01
9.941406250000000000e-01
9.952567219734191895e-01
9.942103624343872070e-01
9.953264594078063965e-01
9.951869249343872070e-01
9.966517686843872070e-01
9.938616156578063965e-01
9.943498969078063965e-01
9.919782280921936035e-01
9.927455186843872070e-01
9.956054687500000000e-01
9.934430718421936035e-01
9.965820312500000000e-01
9.962332844734191895e-01
9.963727593421936035e-01
9.949776530265808105e-01
9.949079155921936035e-01
9.954659342765808105e-01
9.956752061843872070e-01
9.942103624343872070e-01
9.960937500000000000e-01
9.938616156578063965e-01
9.895368218421936035e-01
9.957450032234191895e-01
9.951171875000000000e-01
9.928850531578063965e-01
9.961634874343872070e-01
9.966517686843872070e-01
9.942801594734191895e-01
9.951171875000000000e-01
9.963030219078063965e-01
9.937918782234191895e-01
9.961634874343872070e-01
9.961634874343872070e-01
9.933733344078063965e-01
9.965122938156127930e-01
9.966517686843872070e-01
9.946289062500000000e-01
9.953264594078063965e-01
9.949776530265808105e-01
9.942103624343872070e-01
9.956752061843872070e-01
9.967913031578063965e-01
9.964424967765808105e-01
9.962332844734191895e-01
9.953264594078063965e-01
9.967215657234191895e-01
9.968610405921936035e-01
9.952567219734191895e-01
9.965820312500000000e-01
9.932337999343872070e-01
9.947684407234191895e-01
9.961634874343872070e-01
9.963727593421936035e-01
9.944196343421936035e-01
9.949776530265808105e-01
9.963727593421936035e-01
9.971400499343872070e-01
9.971400499343872070e-01
9.951171875000000000e-01
9.937220811843872070e-01
9.969307780265808105e-01
9.957450032234191895e-01
9.965820312500000000e-01
9.977678656578063965e-01
