7.032916545867919922e-01
8.786041736602783203e-01
9.153333306312561035e-01
9.351249933242797852e-01
9.465000033378601074e-01
9.544583559036254883e-01
9.613333344459533691e-01
9.650624990463256836e-01
9.684791564941406250e-01
9.716249704360961914e-01
9.732916951179504395e-01
9.765625000000000000e-01
9.765833616256713867e-01
9.792916774749755859e-01
9.809583425521850586e-01
9.817916750907897949e-01
9.836458563804626465e-01
9.851458072662353516e-01
9.849791526794433594e-01
9.859166741371154785e-01
9.872083067893981934e-01
9.870625138282775879e-01
9.879583120346069336e-01
9.892291426658630371e-01
9.890833497047424316e-01
9.892708063125610352e-01
9.902916550636291504e-01
9.906458258628845215e-01
9.909583330154418945e-01
9.922083616256713867e-01
9.922083616256713867e-01
9.925624728202819824e-01
9.926458597183227539e-01
9.927291870117187500e-01
9.964791536331176758e-01
9.972916841506958008e-01
9.973541498184204102e-01
9.978749752044677734e-01
9.979375004768371582e-01
9.982500076293945312e-01
9.983541369438171387e-01
9.984166622161865234e-01
9.983124732971191406e-01
9.986249804496765137e-01
9.984791874885559082e-01
9.981666803359985352e-01
9.985625147819519043e-01
9.990208148956298828e-01
9.989166855812072754e-01
9.987499713897705078e-01
9.989791512489318848e-01
9.988541603088378906e-01
9.990833401679992676e-01
9.993125200271606445e-01
9.990208148956298828e-01
9.992083311080932617e-01
9.993749856948852539e-01
9.989374876022338867e-01
9.994375109672546387e-01
9.989583492279052734e-01
9.990000128746032715e-01
9.991458058357238770e-01
9.993541836738586426e-01
9.996666908264160156e-01
9.990624785423278809e-01
9.991875290870666504e-01
9.993541836738586426e-01
9.993541836738586426e-01
9.999166727066040039e-01
9.999374747276306152e-01
9.999791383743286133e-01
9.999166727066040039e-01
1.000000000000000000e+00
1.000000000000000000e+00
9.999583363533020020e-01
9.999791383743286133e-01
1.000000000000000000e+00
9.999583363533020020e-01
9.999791383743286133e-01
9.999583363533020020e-01
9.999374747276306152e-01
1.000000000000000000e+00
9.999166727066040039e-01
1.000000000000000000e+00
9.999374747276306152e-01
9.999791383743286133e-01
9.999791383743286133e-01
9.999374747276306152e-01
9.999583363533020020e-01
1.000000000000000000e+00
9.999374747276306152e-01
1.000000000000000000e+00
9.999166727066040039e-01
1.000000000000000000e+00
1.000000000000000000e+00
1.000000000000000000e+00
9.999374747276306152e-01
9.999374747276306152e-01
1.000000000000000000e+00
9.999583363533020020e-01
9.999583363533020020e-01
